-0.704475	0.083052	0.431938	0.494306	-0.123770	-0.347578	0.286426	0.248905	-0.056744	0.766111	0.436444	0.089906	-0.161869	0.364960	1.569872	0.053460	0.067325	-0.596997	-0.711528	-0.464307	0.154697	0.515044	0.175385	-0.238062	-0.457605	0.227323	0.663210	-0.144148	
0.936008	0.828188	0.651707	0.108619	-1.457569	-0.051580	-0.926715	-0.106572	1.062873	1.802200	0.848510	0.748508	0.436139	0.775493	-0.673627	0.650229	-1.565273	-0.276551	-0.747778	-0.704114	0.440877	0.311352	-0.193115	-1.072101	-0.570503	-0.994889	-0.124580	-0.276567	
-0.414211	-0.383904	-1.606218	-1.427509	-1.218459	-0.398010	-0.005588	0.116626	0.221878	-0.107754	0.889110	-0.115748	-0.194601	-0.101698	-0.526088	-1.101382	-0.057520	0.635726	-0.058737	-0.940916	0.466491	-0.020365	0.420406	-1.243623	-1.342854	-0.759126	-0.167400	-0.138733	
-0.234461	0.395756	-0.678997	-1.004164	-0.505899	-0.316681	-0.996517	-0.674079	-1.899657	-1.557196	-1.096884	-1.078148	-1.175046	0.680664	0.463949	-0.027068	-1.435114	-0.212219	-1.455944	-1.677654	0.095176	-0.301506	-0.323121	-0.810794	-0.753588	-0.278423	0.363890	0.042998	
-0.203492	-0.599790	0.970874	-1.293107	-0.828969	-0.262740	-1.694279	-1.783491	-1.838505	-1.164028	-1.490228	-2.715142	-0.306532	-0.901805	-0.868046	-0.502055	-0.156499	1.653607	0.240222	-0.400621	1.489829	2.689555	1.059753	-1.016377	1.201727	-0.308186	0.007169	-0.530596	
0.782983	-0.242321	0.480161	-1.070269	-2.144332	-1.487274	-1.401384	-0.786738	0.688067	-1.459371	-1.205531	-1.172291	0.599508	-0.466200	0.213593	0.091775	-0.228850	0.800169	0.623993	0.552448	-1.166864	1.075454	1.138662	-0.925138	-0.342538	0.096473	-1.068948	-0.375035	
-0.440211	0.279237	0.343646	-1.203770	0.304736	-1.036992	-0.585762	-0.923840	1.466987	-0.124936	0.214074	-1.320952	-1.081867	0.654162	1.570834	0.262147	-0.449499	1.431929	-0.374450	3.122025	3.585393	2.744448	0.289554	0.862782	0.963478	-0.910808	-0.018962	-1.418084	
-0.290349	0.218649	-0.057766	0.266415	-0.408608	-0.015503	-0.329415	0.488576	1.557486	-0.593764	0.216687	-0.672853	-0.032608	1.184775	0.621376	-0.393019	2.222712	0.127651	-0.690074	1.611347	2.798194	-0.115183	-0.089605	0.376602	-1.702579	-1.649601	-0.398261	0.108408	
-0.310550	0.252152	-0.632689	-0.283378	-0.312728	-0.662162	-0.269507	0.740067	-1.213574	-0.243903	-0.247776	0.229307	1.765231	2.161182	1.827126	0.686897	1.669098	2.015066	0.013948	2.004825	1.612336	2.470129	1.376645	0.450754	0.687922	-0.524573	1.203056	0.562556	
-0.643451	-0.429946	0.873717	-0.620982	1.783677	0.165319	-0.399868	-1.372126	0.779564	1.746789	1.027449	1.923134	1.353644	0.531503	0.725312	-0.753053	0.687054	-0.100089	0.323039	1.771736	4.106305	2.818128	2.229449	0.785634	0.046963	0.114321	1.153729	0.545573	
-0.887930	-1.304465	-0.304551	0.994476	1.269182	1.271356	-1.460092	-1.472311	0.080507	-0.504777	-0.665896	-0.592541	1.259443	-0.189168	0.471898	-0.761592	2.347599	0.457802	0.078424	3.259725	2.392116	3.360850	3.770502	1.624356	1.559071	1.018444	1.761060	1.071415	
0.780861	0.316977	-1.045571	0.259542	0.222865	0.283279	-2.714205	-1.508460	-1.945270	1.117441	-0.639800	0.508840	-0.150807	0.083753	0.525079	2.473912	2.177854	1.379092	0.329212	0.081559	2.766608	2.574582	2.236685	2.293572	-0.588072	-0.200786	0.740036	0.296629	
-0.163942	1.011957	-0.090344	-0.363777	1.111711	-1.468566	-1.083392	-0.347023	1.446467	1.550901	0.470987	0.771100	-1.255033	-2.051350	-2.384298	-2.302875	-1.481785	-2.987968	-0.943873	-0.721492	1.651869	2.152060	3.040671	2.528777	-1.396688	0.582706	0.883965	1.093276	
0.810837	0.596041	1.126697	-0.082573	-0.535471	-0.334333	-0.874023	0.715475	3.420073	0.699646	0.646994	-0.688024	-0.942517	-2.112478	-2.212363	-1.199284	-2.925988	-3.477829	-1.256370	-0.446505	1.604262	-0.256264	1.422294	0.191882	-1.305334	0.704957	0.212429	0.013156	
1.083068	0.993824	0.306760	0.684871	2.160364	1.837811	1.370308	4.599766	4.717947	3.489380	0.868188	-1.274138	-3.238609	-1.677701	-3.218602	-4.941435	-2.693856	-3.881078	-2.486984	-2.038844	1.925455	2.864845	4.275272	2.305329	-0.374338	0.460586	0.747500	0.091952	
-0.791888	-1.033253	-0.019949	0.178543	1.080245	1.659655	-0.381564	2.564336	2.997641	-1.000150	-1.494140	-1.778228	-1.108803	-1.581534	-1.183365	-0.647047	-3.258211	-1.245001	-0.356131	-0.051928	2.682922	2.534210	2.782262	0.927834	-0.103423	1.025460	0.303625	0.978400	
-0.675795	-1.331544	-0.691130	0.689062	1.301835	1.322537	-0.009994	2.314947	3.590507	-0.658944	-0.019346	-0.710695	0.530939	-0.379721	-0.881956	1.070296	-2.779267	-1.598939	-2.105828	-1.331348	2.354531	2.288315	1.262147	0.253999	0.068519	0.817706	0.193616	-0.205894	
-0.177817	-0.011892	1.082616	0.061153	1.161339	-0.657908	-0.232777	2.826541	1.233255	-0.594654	-1.319212	0.206934	-0.559092	0.436925	-2.643915	-1.841471	-1.825563	-1.115747	1.180651	1.103775	2.500261	-0.182672	0.605573	0.286926	-0.942497	-1.077823	-0.668880	-0.335943	
1.069371	0.398314	-0.510188	-0.244553	-0.312418	1.300906	1.185713	5.100036	1.987921	0.254924	-0.602858	-1.008423	-1.056368	0.642018	-3.134745	-3.360718	-3.978810	0.551981	0.977981	-0.691396	-1.159491	-0.170394	0.996112	-1.336406	-0.324335	-2.191693	-0.406555	-0.830702	
0.157331	0.798618	-0.306073	1.305077	-0.203136	-0.908117	0.478935	1.963136	2.553874	-0.967327	1.093511	0.463950	-0.714112	-2.039708	-1.876765	-0.118845	1.724284	0.097083	0.682060	1.222504	-1.937755	-1.179617	-2.131839	-0.800674	-0.437452	-1.699846	-0.384381	0.019806	
-0.470249	0.320882	0.145161	0.601493	1.592829	1.020828	-0.422398	2.064208	2.170108	2.248936	0.800686	1.278428	-1.755585	0.104776	-0.168772	0.081184	1.496682	-0.217179	-1.550127	-3.064640	-0.055973	-2.253643	-0.228888	-0.770416	-0.412486	-1.972065	-0.301323	-0.447733	
0.321377	0.020669	0.699945	-0.299200	1.055501	0.342090	-0.893817	1.516221	1.075623	2.437428	-0.143595	1.065551	1.749103	-0.951527	1.113073	1.634039	1.759078	-0.337446	-0.999474	-2.064438	-2.301642	-2.370510	-2.991860	-1.122014	-0.616755	0.515781	0.951158	0.005706	
0.396171	-1.087506	-0.559250	-0.425490	0.038125	0.896005	0.859939	0.957188	1.558126	1.358567	3.042077	1.995913	0.215879	0.891833	0.602656	-1.568401	-0.313019	-1.614902	-2.482332	-3.025220	-2.294744	-2.733516	-2.636003	-1.079772	-0.567636	-0.107738	0.062464	-0.282987	
0.798657	-0.435423	0.438092	-0.572838	0.084756	0.540222	0.348445	0.365054	-0.492373	1.565545	-0.283789	0.724104	0.408555	-1.368690	-0.151187	0.710851	-0.717679	-0.458776	-1.296735	-2.661146	-0.968647	0.166341	0.238787	0.748490	0.472438	0.527871	0.475037	-0.275055	
1.209744	-0.091061	1.856624	0.384017	-0.833469	-0.317861	-0.710518	-1.932765	-1.489098	-1.869684	-2.428444	-2.463377	0.060236	0.154307	0.315549	-0.256232	0.133675	-0.856900	-0.691631	-0.237808	0.891719	-0.440516	0.335547	0.312704	-1.290087	0.000666	-0.893779	0.027610	
0.216598	0.065169	-0.218050	0.402177	0.162178	-0.086433	-1.180293	-1.830183	-2.305377	-1.188505	-1.472265	-0.594474	-0.166366	0.660354	0.005819	-0.910457	-0.249487	0.939232	-0.497057	-0.360141	-0.711260	1.502065	0.749557	0.066831	0.399638	-0.045643	0.310642	0.135903	
0.123853	0.455949	0.173619	0.000545	-0.443234	-0.571531	-0.301527	-0.247890	0.193880	-1.075694	0.509531	-0.314581	0.262395	0.305081	0.861383	0.758125	0.648466	-0.350621	-0.244306	0.068291	0.219560	0.513380	-0.234058	0.613352	-0.208354	0.197071	0.219880	-0.291997	
0.032304	0.537150	0.311182	0.145659	-0.212587	0.066814	-1.007327	0.877500	0.186997	-0.398757	0.515069	0.434475	-0.096096	0.187885	-0.184956	-0.303626	-0.030453	0.541471	0.233661	-0.043539	-0.583949	0.023116	0.178553	0.067332	-0.201248	-0.027059	-0.107380	-0.071124	
