-0.031698	0.011597	-0.055108	0.009274	-0.000856	0.001310	0.004650	-0.072897	-0.056800	0.086419	-0.007106	-0.022827	-0.083430	-0.170788	0.087728	-0.024531	0.013763	-0.010206	-0.016074	0.032295	0.011600	0.003912	-0.047530	0.043609	-0.013828	0.050988	0.048194	-0.055447	
0.010789	-0.074075	0.005875	-0.025593	-0.019655	-0.035316	0.011564	0.064968	0.099851	-0.005952	0.001669	-0.075261	-0.110787	-0.114875	-0.059569	-0.301747	0.040097	-0.093257	0.027795	0.026672	-0.019758	-0.039170	-0.065724	-0.009204	0.000625	-0.005193	-0.007337	-0.016506	
0.080266	-0.035037	-0.021269	0.043890	0.002786	0.026095	-0.027700	0.102235	0.116957	0.114846	0.186983	0.138848	-0.118973	0.213408	0.365980	0.628918	0.484540	-0.049942	0.076108	0.313395	0.161722	-0.212675	-0.046080	0.041461	0.116027	0.133235	-0.024802	0.057998	
0.016035	0.020615	0.084130	0.065014	0.012473	0.191367	0.171074	0.475538	0.355691	0.311797	0.748167	0.833228	1.621289	0.975430	0.288399	0.543390	-0.288283	-0.521222	0.412002	-0.034645	0.479566	-0.387448	-0.367410	-0.476813	0.012089	0.102716	0.018331	-0.037623	
-0.006652	-0.015155	0.074070	0.050037	0.266375	0.726888	0.705722	0.369314	1.213714	0.949846	0.861369	0.953958	0.874165	0.406858	0.000066	1.183531	1.008673	-0.438809	1.407856	0.144332	0.770895	-0.691189	-0.846538	-0.775278	0.684004	0.409871	0.020531	-0.123376	
-0.011504	0.048708	-0.067163	0.053506	0.460463	1.389382	1.221762	1.016274	-0.418952	0.286910	-0.525068	0.084178	0.583340	0.334471	-0.099505	-0.249836	1.033029	-1.053921	-0.113234	-0.680974	0.758555	-0.341199	-1.007424	-0.206441	-0.189325	-0.010352	-0.136426	-0.060156	
0.019411	0.061382	0.102885	0.306543	0.504096	0.121359	0.669864	0.547624	0.248509	0.822800	0.719972	0.874591	0.359070	-0.083929	0.264539	0.171203	0.310299	0.246230	0.459589	-0.636916	0.357680	-1.090949	-0.028452	0.312678	0.093272	0.584866	0.346433	-0.006194	
-0.009329	-0.001608	-0.059381	0.234179	0.319662	-0.024390	0.491352	0.438554	-0.237437	0.333923	0.295677	-0.457070	0.591755	0.320387	0.826547	-0.266680	-0.114113	0.386640	-0.036502	0.231768	-0.182285	-0.458595	0.204895	-0.706582	-0.130802	0.333457	0.069860	-0.059900	
0.124022	-0.239100	-0.257018	0.354758	0.720544	0.201124	0.538699	0.133457	-0.208756	-0.027850	0.454711	-0.220280	0.084691	0.346365	0.622567	0.499101	-0.124575	0.239035	0.025329	-0.053198	0.441463	-0.406553	1.141184	-1.601703	-0.693430	0.266361	0.273767	0.098644	
-0.007147	-0.244527	-0.385815	0.469376	-0.062904	-0.141164	0.310105	0.373240	0.586584	-0.516032	-0.814988	-0.007557	-0.128806	-0.024786	-0.335839	0.473908	0.469246	-0.305980	-0.137665	-0.173013	0.403647	0.304462	1.646414	-0.153551	-0.654890	0.195130	0.221618	-0.141796	
0.011071	-0.239380	-0.618527	0.359969	0.138199	-0.585566	-0.758519	-0.249419	0.761456	0.114927	0.640752	-1.154364	-1.391433	-1.395998	-0.952681	-0.717453	-0.543124	-0.061129	0.299846	0.095984	-0.271701	-0.323367	0.863855	0.079144	-0.420198	0.155699	0.170089	-0.013099	
-0.032289	-0.162605	-0.887610	-0.307259	-0.490769	-0.111903	-1.104781	-1.384181	-1.388480	-2.277944	-2.420617	-2.653003	-0.410047	-1.038401	0.523356	0.054812	-0.585616	-0.241001	-0.406878	-0.040200	0.006306	-0.638790	-0.765810	0.466480	0.533206	0.653324	0.133030	-0.065161	
0.038832	-0.217792	-0.700444	-0.541883	-1.087711	-1.003764	-2.767851	-1.200613	-2.965500	-2.031713	-0.734530	0.406710	-0.098534	0.394185	1.297148	0.483516	0.509360	-0.710101	-0.327840	-1.379361	-0.765685	-0.187327	-1.823998	-0.436675	0.152880	0.712082	0.303304	0.055010	
0.023583	-0.366623	-0.637696	-0.322369	-1.667586	-1.727581	-1.653364	-1.394321	-0.723709	-0.165411	0.393821	0.208557	1.086703	0.913760	0.549006	-0.207953	0.940198	0.241286	0.016377	0.099442	-0.724629	-0.218704	-2.292783	-1.078896	-0.779059	0.609402	0.130232	0.006104	
-0.057406	-0.188473	-0.368035	-0.443046	-1.252933	-0.495590	-0.499546	0.788660	0.078842	1.002840	0.105845	0.128561	1.052705	0.547298	1.781637	0.254770	0.672802	-0.100494	0.513392	-0.243422	-0.754368	0.102404	-0.497819	-0.813622	-0.528084	0.436521	-0.084086	-0.071253	
0.029201	0.022104	-0.141272	-0.229463	-0.581128	-0.330904	-0.779314	-1.313874	-0.563851	-0.339260	0.087213	0.896389	0.511173	1.690369	0.989132	0.251340	0.386876	-0.358328	-0.558921	0.008058	-0.206905	-0.236923	-0.166810	0.615963	0.370141	-0.160570	-0.111793	0.006638	
-0.006856	0.008447	0.323757	1.165834	0.636912	-0.207932	-0.432480	-1.081798	-2.646476	-0.412639	-0.968636	-0.019704	1.466100	1.334344	0.956801	0.041331	-0.075181	-0.225431	0.946463	-0.022414	0.141130	0.888432	0.566603	1.067071	1.838791	0.517112	0.579640	0.032062	
-0.055474	-0.029887	0.327192	1.079213	0.593264	-0.174729	-0.366617	-0.522877	-0.686752	-2.197498	-2.774352	-2.926486	-1.920535	-1.373980	-0.311679	-0.318619	-0.206982	0.477662	0.027719	0.724064	-0.305688	0.091191	-0.277877	0.399045	0.777737	-0.015369	0.545766	-0.011858	
-0.086500	0.020786	0.202094	1.026463	0.340400	0.845098	0.799546	-0.013647	0.358707	-0.469196	-0.509187	-1.391810	-1.349223	-0.164943	0.094769	0.251125	0.094881	0.556588	0.260641	0.757729	-0.096093	0.685617	0.526379	-1.444287	0.416278	0.056303	0.058061	0.057812	
-0.047090	-0.095204	-0.323145	0.825704	0.460014	0.738230	-0.068817	0.472400	-0.666149	0.370884	0.593590	0.095439	-0.463023	0.324125	-0.007118	0.196388	0.304821	0.029829	-0.148913	0.072496	0.091495	0.864678	0.048774	0.575773	0.446458	1.207688	0.164504	0.020300	
0.074887	-0.112422	-0.471299	0.421495	0.995638	-0.618604	0.235978	-0.062013	0.247079	0.242183	0.091256	0.659551	-0.694124	0.156387	0.122609	0.003719	0.061838	0.534366	0.753735	0.073756	-0.476360	-0.169867	-0.042606	-0.060183	1.015670	0.680053	0.036466	-0.022096	
-0.003712	0.037427	-0.321216	0.507637	0.829984	-0.034668	0.597443	0.518406	1.019026	-0.237831	0.111446	-0.620448	0.067921	-0.280050	-0.319301	0.266302	-0.150264	-0.574112	0.751105	0.257799	0.151874	-0.063323	-0.269974	-0.337376	0.540538	0.225375	-0.053569	0.049074	
0.018189	-0.000142	-0.304263	0.218135	1.470265	1.692997	0.211349	0.242541	-0.500226	-0.218410	0.556394	0.173372	-0.364928	-0.111497	-0.223622	-0.100370	0.057348	0.215277	0.272140	0.150514	0.400125	-0.011914	-0.160347	-0.682828	0.045333	-0.232905	-0.090026	0.021298	
0.041117	0.016123	0.089252	0.432068	0.598283	0.660688	-0.288924	0.492615	0.169619	0.646907	0.071129	0.014779	0.410245	0.244701	-0.192029	0.138161	0.305460	-0.694796	0.228970	0.040083	-0.092815	-0.444570	-0.782345	-0.447265	-0.195613	-0.295533	0.097542	-0.025668	
0.003235	-0.022809	0.068356	0.431943	0.699133	0.011771	0.644809	0.732722	0.364292	0.522592	0.138226	0.411700	0.039053	0.088387	0.837852	-1.029478	-0.502410	0.606800	-0.516642	-0.565618	-0.358793	-0.222094	-0.419462	-0.235464	-0.151507	0.057620	0.000942	0.099898	
0.031567	0.015954	0.024634	0.042221	0.080152	0.671256	0.678031	0.777595	0.984945	0.536905	1.347282	-0.551788	0.421243	0.186506	0.087109	0.020360	-0.813329	-0.102129	-0.429050	-0.640847	-0.276655	-0.708004	-0.669860	-0.123231	-0.138972	0.076187	0.047437	0.009396	
0.055542	0.079042	-0.069521	-0.040765	0.183477	0.455997	0.303078	0.161187	-0.313147	0.148923	-0.293822	-0.245750	0.056910	-0.323663	0.071021	0.292938	0.285032	0.139445	-0.003220	-0.589129	-0.107496	0.086479	-0.087685	-0.034810	0.088618	0.027491	-0.022544	0.014539	
-0.047126	-0.105172	0.065284	0.016479	-0.005728	0.070880	0.006000	-0.056917	-0.104123	-0.039311	-0.018636	0.098777	0.135997	-0.133043	0.267590	0.481483	0.136837	-0.195935	-0.216776	0.060532	0.123232	0.063090	-0.064994	-0.033105	-0.005309	-0.016385	-0.070722	-0.004639	
