1.801564E-04	1.230291E-03	-3.937690E-04	4.706094E-04	-1.851015E-03	1.545846E-03	7.476248E-04	-1.842403E-03	2.231495E-03	-1.004597E-03	2.376268E-03	-7.913155E-04	8.485663E-04	4.657737E-03	-1.764158E-05	2.603224E-03	-1.739275E-04	-3.248997E-06	-1.487419E-04	-1.882536E-03	8.634822E-04	-2.819185E-04	9.466336E-04	-3.361357E-04	1.924115E-04	8.120110E-04	4.221264E-04	-1.411248E-04	
-4.017537E-04	1.139079E-03	1.791718E-03	2.558554E-03	-6.450125E-04	7.264452E-04	-3.986408E-03	-8.321235E-03	-6.328792E-03	-3.732459E-03	1.925137E-03	4.056715E-04	3.290747E-03	4.472960E-03	4.315504E-03	7.093243E-03	-9.258723E-03	3.709559E-03	1.751818E-03	1.947377E-03	2.704698E-03	3.509387E-03	7.881551E-04	-2.704436E-04	-2.071362E-03	7.662547E-04	-2.184019E-03	1.332184E-03	
-5.433871E-04	2.548431E-03	2.658845E-03	-4.857215E-04	1.421548E-03	-5.565041E-04	-1.741329E-03	-8.894153E-03	-1.146976E-02	-1.345577E-02	-2.106215E-03	2.819561E-03	6.900436E-04	-2.192232E-02	-1.491816E-02	-1.101132E-02	-1.814993E-02	-5.728697E-03	-7.875270E-03	8.268847E-03	1.135077E-02	1.775314E-02	7.511290E-03	-1.957771E-03	-1.280190E-02	-8.348398E-03	2.930441E-03	-1.309249E-03	
-4.864522E-04	1.022615E-04	-1.416167E-03	6.417943E-04	-1.281907E-03	-2.668090E-03	-5.876167E-03	-7.041417E-03	-1.756786E-02	-3.566065E-02	-1.481470E-02	-1.641495E-02	-4.948510E-02	-3.987088E-02	-3.053458E-02	-5.137704E-02	-3.828488E-02	-2.338050E-03	4.190649E-03	-7.233714E-04	1.543136E-02	3.055966E-02	2.853905E-02	2.781226E-02	1.032208E-03	-8.156830E-03	-1.563147E-03	-8.969342E-04	
4.765890E-04	-2.237631E-03	-4.513192E-03	-2.204377E-03	3.779434E-03	-9.300199E-03	-1.291346E-02	1.672633E-02	4.818946E-03	-6.875200E-03	-1.213166E-02	-2.410936E-03	7.280710E-03	1.935329E-03	-2.546235E-02	-1.212014E-02	-3.744249E-03	2.078082E-03	-1.675583E-02	-1.809163E-03	-3.318951E-02	1.222865E-02	1.498720E-02	4.646014E-02	2.048257E-02	4.893460E-05	2.421860E-03	3.563433E-03	
-6.591247E-04	-1.156173E-03	-2.234224E-03	2.606104E-03	-7.964683E-04	-1.898448E-02	-1.788578E-02	-7.191314E-03	-2.414416E-03	1.105780E-02	2.356133E-02	2.404880E-02	2.752782E-02	7.201596E-04	-3.426029E-03	8.518817E-03	-2.433184E-02	1.852551E-02	-8.638389E-05	-1.543735E-02	7.433604E-03	-2.345577E-02	1.145075E-02	-8.082790E-04	2.343927E-02	9.487709E-03	1.581673E-02	5.358977E-03	
1.494603E-03	7.493154E-04	1.391565E-03	-2.022791E-03	-7.662598E-03	5.252418E-03	-1.795052E-02	-8.065873E-03	6.220877E-03	-4.443995E-03	-2.551942E-02	-1.352012E-02	-8.554296E-03	1.656698E-02	-8.153358E-03	-5.961867E-03	-2.150798E-02	6.683999E-03	-2.118997E-02	2.043272E-02	1.022602E-02	2.782698E-03	5.356905E-03	1.904733E-02	3.247975E-02	2.112930E-02	6.395729E-03	-3.426964E-03	
-1.616440E-03	8.368618E-04	-9.512901E-04	-5.488010E-03	-7.717354E-03	2.481340E-02	-3.430000E-02	-3.540712E-02	5.405528E-03	-2.708720E-03	3.035228E-03	1.082563E-02	-1.798717E-02	1.591133E-02	-2.810976E-02	2.163419E-02	4.414377E-03	-1.068451E-03	1.741561E-02	-1.207338E-02	-3.053098E-03	9.023719E-03	8.156317E-03	4.674032E-02	3.751639E-02	3.030592E-02	9.033451E-03	4.530210E-04	
-2.575862E-03	-3.437128E-03	2.227630E-03	9.275299E-03	-1.201978E-02	-4.580685E-03	1.185612E-02	-2.935028E-02	7.563305E-03	2.466216E-02	-1.803514E-02	-1.653787E-02	6.892623E-03	-2.315097E-03	-1.458545E-02	-1.612298E-02	1.354246E-02	-4.472682E-03	8.015036E-03	2.444628E-02	-4.892953E-03	4.748486E-02	-2.259398E-02	3.879686E-02	4.539977E-02	2.641690E-02	4.135835E-03	-1.774625E-03	
3.132975E-05	-5.565561E-03	-2.742794E-03	-4.201176E-04	-1.891475E-02	-1.738102E-02	1.828292E-03	-5.186500E-03	-1.039178E-02	-1.709508E-02	4.559505E-03	8.097034E-03	-3.292884E-02	1.485013E-02	-1.444317E-02	-2.057276E-02	-4.503595E-03	1.177989E-02	7.411653E-03	1.093916E-02	3.368263E-02	2.349166E-02	-6.384547E-04	1.247115E-02	4.228068E-02	1.592816E-02	-6.360258E-03	-1.041099E-02	
6.665536E-04	-3.870200E-03	-6.965450E-03	1.410410E-02	2.290123E-02	-2.251912E-03	6.814121E-03	-4.416706E-03	-4.900578E-02	-1.121025E-02	-1.680065E-02	2.300643E-02	4.498082E-02	2.157874E-02	3.053480E-02	-2.217679E-02	-2.670445E-02	-9.183217E-03	1.505906E-02	-2.278415E-04	5.065260E-03	1.714169E-03	2.201874E-02	4.832045E-02	1.837171E-02	7.478893E-05	3.379674E-04	-3.411626E-03	
3.884980E-05	-1.788655E-03	-4.222793E-03	-6.922825E-03	1.716228E-02	1.226554E-02	2.245626E-02	3.807990E-02	6.350663E-02	8.423990E-02	1.008069E-01	6.213165E-02	7.248256E-02	3.025975E-03	-2.632933E-02	-2.564172E-02	-3.249977E-03	-1.638797E-02	2.048398E-03	-3.721722E-03	-4.399540E-02	-3.341607E-03	4.307353E-02	2.114422E-02	-1.534668E-02	6.748000E-04	7.870045E-03	4.513732E-04	
5.214603E-04	5.579453E-03	1.019169E-02	3.665176E-04	2.911573E-02	1.682648E-02	7.379305E-02	6.288488E-02	7.842103E-02	8.692270E-02	5.239259E-02	3.612144E-02	3.523218E-02	3.286453E-02	-5.744318E-03	-2.653843E-02	-2.555212E-02	1.390956E-02	-1.317488E-02	5.732082E-03	6.621698E-03	-3.992387E-03	3.580313E-02	2.035221E-02	5.341173E-03	-1.881676E-02	-1.595912E-02	-3.685609E-03	
-2.364794E-03	1.238136E-02	9.251444E-03	9.696520E-03	3.341173E-02	6.528802E-02	7.460552E-02	5.857141E-02	4.857653E-02	1.461262E-02	1.228427E-02	8.901507E-03	3.839255E-02	1.774099E-02	-1.346822E-02	3.316098E-02	-2.125711E-02	1.201081E-02	1.127038E-02	2.010756E-02	2.396153E-02	-1.340484E-02	9.310190E-04	1.022034E-02	-7.221388E-03	-3.117329E-02	-2.134847E-02	-6.469204E-03	
7.996267E-04	5.209636E-03	7.321606E-03	2.460851E-02	2.581870E-02	4.224799E-02	-1.343679E-02	-4.256443E-03	8.135902E-03	1.904432E-02	1.065472E-02	3.159611E-02	7.486741E-03	1.866710E-03	-6.584608E-03	9.587007E-03	6.536202E-04	2.363434E-02	-1.524369E-02	-2.877560E-03	-1.109408E-03	-3.493556E-03	1.464246E-02	-2.925881E-02	-1.654602E-02	-3.333446E-02	-1.867780E-02	-2.397441E-03	
8.916918E-04	-1.225928E-03	3.410391E-03	3.420230E-02	5.298645E-03	-2.248767E-02	-1.551440E-02	8.015543E-03	2.325786E-02	2.176232E-02	2.190295E-02	-1.290470E-02	1.109000E-02	-1.059601E-02	7.135598E-03	-3.766627E-03	8.941311E-03	4.206495E-03	2.430289E-03	6.578109E-03	2.379297E-02	-4.968402E-03	4.793488E-02	-7.241840E-03	-3.693204E-02	-1.752296E-02	-2.501855E-03	-1.677816E-03	
6.047315E-04	1.111285E-03	-6.197313E-03	-6.344412E-03	-3.214125E-02	1.361062E-02	-1.829114E-02	3.084159E-02	3.438275E-02	-2.402362E-02	9.099801E-03	5.331174E-03	2.970239E-02	-2.766859E-03	-2.217421E-02	3.021259E-02	1.170461E-02	1.892313E-02	8.990334E-03	-1.417134E-02	1.760545E-03	-1.784063E-02	-1.023456E-02	-1.358910E-02	-6.968595E-02	-4.825278E-02	-3.903233E-02	-6.010491E-03	
1.834383E-03	6.285372E-04	-6.930130E-04	2.305406E-03	-3.036535E-02	1.110884E-02	-2.157194E-02	2.984683E-03	-1.113212E-03	1.868131E-03	-9.045572E-03	-2.973385E-02	-3.627005E-02	8.880596E-03	-1.072923E-02	1.480046E-02	3.762603E-03	1.468016E-02	-4.321991E-04	-1.596081E-02	6.657378E-03	1.259787E-02	1.668499E-02	-6.333480E-03	-3.442730E-02	-4.170147E-02	-2.600463E-02	-1.784893E-03	
-2.435824E-03	-5.604443E-04	-2.634686E-03	-1.105480E-02	-2.171078E-02	-1.950504E-02	-2.348682E-03	-1.990792E-02	1.546292E-02	-8.195292E-03	-3.041588E-03	-3.018182E-03	-4.511353E-02	-3.302446E-02	8.617352E-03	-8.093474E-03	6.162347E-03	-1.892165E-02	-1.285542E-02	2.726977E-03	2.619462E-02	3.801421E-03	-1.179791E-02	-1.558947E-02	-5.127962E-02	-5.163088E-02	-1.357917E-02	-4.518581E-03	
1.120574E-03	-2.009240E-04	1.787155E-02	-6.188746E-03	-4.095659E-02	1.331197E-02	4.796662E-03	-2.815909E-02	5.383935E-03	-3.267648E-02	-1.489110E-02	8.597026E-03	-7.239054E-03	-2.925343E-02	-1.851481E-02	-1.719619E-02	-2.609082E-02	5.927045E-03	-4.885985E-03	9.069707E-03	-1.962072E-03	8.599066E-03	-2.764150E-03	-2.121024E-02	-4.133245E-02	-4.853093E-02	-1.042562E-02	1.653364E-03	
-7.284756E-04	6.815179E-03	1.812063E-02	-6.074672E-03	-2.158627E-02	1.590778E-02	-2.657491E-02	-1.912519E-02	-2.846266E-02	-2.152519E-02	6.950158E-04	-2.691956E-02	-8.441821E-03	-1.549264E-02	-1.689156E-02	1.471996E-02	7.734213E-03	1.572166E-02	-2.870162E-02	-1.360496E-02	7.340327E-03	1.135658E-02	-7.247299E-03	-3.329375E-02	-4.479411E-02	-2.585235E-02	-5.072091E-03	2.638102E-03	
1.718289E-03	-2.912547E-03	5.479588E-03	-2.533146E-02	3.157193E-04	-1.849218E-02	-2.437609E-03	-1.317571E-02	-2.152914E-02	2.030167E-02	-1.865823E-02	2.775202E-02	-1.663070E-02	6.052344E-03	-4.138869E-03	1.654520E-03	-1.882316E-02	3.132656E-02	-8.431836E-03	-1.688676E-02	2.980761E-03	-3.313961E-02	-5.589984E-04	-1.139283E-02	-2.878728E-02	-7.425861E-03	-1.323214E-03	7.822500E-04	
-4.041284E-04	-1.581623E-03	4.859350E-03	-3.523377E-03	-1.278481E-03	-6.340449E-02	-1.649647E-04	-1.001261E-02	5.435145E-03	-1.930265E-02	-1.820563E-04	1.226165E-02	2.982242E-02	1.277937E-02	-4.080031E-03	6.167233E-03	-1.578094E-03	-2.266579E-02	7.648040E-03	-1.024111E-02	-1.614607E-02	-1.437481E-02	1.506432E-02	1.119365E-02	-5.789470E-03	9.447710E-03	1.060992E-03	3.338060E-04	
-4.640215E-04	-1.578363E-03	1.515862E-03	9.646934E-03	1.591423E-02	-8.923186E-03	-6.113373E-03	-1.517578E-02	1.871610E-02	-6.263352E-03	2.110030E-02	-1.655729E-03	-3.931436E-03	8.408597E-04	2.437199E-02	-5.031996E-04	4.514458E-03	2.299420E-03	1.317317E-02	-5.422473E-03	1.428976E-02	-5.303815E-03	2.368977E-02	1.306836E-02	-2.929012E-04	7.772569E-03	-1.839132E-03	3.224994E-03	
2.366534E-03	1.618013E-03	1.972916E-03	1.129990E-02	-4.029040E-03	1.053588E-02	-4.779623E-03	-5.405000E-04	-9.982563E-03	-9.373630E-03	-9.450500E-03	4.111133E-03	9.751695E-03	2.302476E-02	-1.953872E-02	2.560395E-02	3.930791E-02	-3.797856E-02	2.208529E-02	4.269791E-03	1.931255E-02	8.696946E-03	1.646155E-02	1.117946E-02	-1.237275E-02	-7.310991E-03	-3.822831E-03	-1.457018E-04	
1.591275E-03	-6.020753E-04	-1.278036E-04	-3.338694E-03	-5.906657E-03	-6.659303E-03	-3.338303E-03	2.655112E-03	-1.282065E-02	-2.742938E-02	-1.789967E-04	-4.364644E-03	-3.091999E-02	1.966951E-04	-1.194560E-02	-1.533683E-02	-2.185967E-02	2.095470E-02	2.563177E-02	3.520510E-02	3.759819E-02	5.614506E-02	2.772067E-02	2.041423E-03	6.727730E-04	-3.905857E-03	-2.742304E-03	-3.732612E-04	
-3.053413E-03	-3.123770E-03	1.651193E-03	2.022164E-03	4.500016E-03	2.165505E-02	1.738418E-02	3.564490E-03	-5.496091E-03	-7.648784E-03	-8.382793E-04	2.314007E-03	1.742944E-02	1.086664E-02	2.525144E-02	1.284505E-02	1.700881E-03	1.783707E-02	9.748273E-03	2.554258E-03	2.177091E-02	2.188268E-02	4.254283E-03	-1.119703E-03	-3.516087E-04	-4.789847E-04	1.811286E-03	-1.478705E-03	
1.982415E-04	2.282780E-03	9.793123E-04	-1.965538E-03	2.131829E-03	-1.314976E-03	-2.379148E-03	-5.342257E-03	-5.983116E-03	-1.342616E-03	-5.808562E-03	1.882832E-03	6.757648E-03	3.322345E-03	1.099090E-02	1.005642E-02	-6.341836E-04	-4.345790E-03	-6.000493E-03	-3.746251E-03	1.996929E-03	2.714194E-03	4.734802E-03	2.206478E-03	1.061456E-03	9.402829E-04	1.689614E-03	-2.139857E-03	
