-0.029325	0.011597	-0.027156	-0.000504	0.005614	0.037551	-0.024896	-0.034842	0.003200	0.003128	0.027100	-0.015659	0.015013	0.031460	0.022062	0.022107	-0.017276	-0.003146	0.012723	-0.010981	0.003841	-0.006407	0.011210	0.018305	-0.002221	-0.005288	-0.005375	-0.014908	
0.014698	0.016220	0.002032	0.026063	-0.031208	0.006650	0.038263	0.078634	0.086500	-0.015851	0.017992	0.033885	0.128403	0.071424	0.086592	0.170780	0.007226	0.094133	0.021993	0.022275	0.028346	0.022853	0.014860	0.017456	-0.013943	0.015965	-0.042485	-0.008497	
0.014892	0.021730	0.021563	0.055629	0.001747	-0.008932	0.054846	0.171948	0.110397	0.065222	0.265132	0.165663	0.097636	-0.032104	0.203191	0.375662	0.132554	0.168568	0.202846	0.290123	0.247234	0.213799	0.142603	0.043303	-0.110878	-0.054735	0.021056	-0.012946	
-0.015162	0.011775	-0.025949	0.050155	0.009544	0.017089	0.119661	0.181744	0.013009	-0.025231	0.184604	-0.144925	-0.173844	0.009815	-0.298540	-0.338180	-0.421807	0.010479	0.223840	-0.059420	0.329481	0.363663	0.387861	0.231244	-0.076522	-0.053734	0.005630	-0.018187	
-0.014920	-0.007873	0.010378	-0.028220	0.093090	0.077632	0.129748	0.150397	0.185178	0.092030	0.133579	0.225494	0.280398	0.032217	0.130349	0.385837	0.394069	0.006942	0.172131	-0.030814	-0.030899	-0.308511	-0.321803	0.261568	0.269821	0.263750	0.153495	-0.000443	
-0.021662	-0.000053	-0.012230	0.018375	0.110173	0.016494	0.082881	0.145481	-0.349563	0.038939	-0.056561	0.315799	0.303005	0.109052	-0.068458	-0.016601	-0.052218	0.051951	-0.271619	-0.308645	0.395471	-0.086388	-0.138303	-0.173423	0.113729	0.120179	0.170011	0.026476	
-0.004451	-0.006756	0.061614	0.038957	-0.073440	-0.304445	-0.289631	-0.041172	-0.131004	-0.090892	-0.115300	-0.103689	0.126039	0.114525	0.165315	-0.045198	-0.345495	0.414117	-0.119018	0.103142	0.282903	-0.303397	-0.187885	0.343642	0.341237	0.591888	0.169509	-0.061486	
-0.031287	-0.023157	-0.007784	-0.256698	0.110316	0.079744	-0.519059	-0.426635	0.143756	-0.083611	0.105787	-0.329015	-0.134732	0.037391	-0.246165	0.273596	0.091604	-0.343915	0.168123	-0.224417	-0.106160	0.259040	0.251088	0.438219	0.363490	0.555496	-0.001329	0.020725	
0.047969	-0.019040	-0.058098	-0.033993	0.199750	0.010306	0.401380	-0.103171	-0.111714	-0.217496	-0.078577	-0.325271	-0.060077	0.099885	-0.046955	0.020063	0.031322	-0.006058	-0.033152	0.538329	0.045421	0.357308	-0.081180	0.356509	0.372361	0.601684	0.315788	0.106635	
-0.021363	-0.053997	-0.010200	0.083963	0.022285	-0.537867	0.099684	0.284121	0.270840	-0.078861	0.167691	0.125187	-0.774091	0.151068	-0.154474	-0.193001	-0.077113	0.051802	0.058459	0.079492	0.252491	0.437660	0.188856	0.039489	0.630421	0.774633	0.177869	-0.289262	
0.012214	-0.016768	-0.167695	0.158000	0.390321	-0.227811	0.356448	-0.139924	-0.037923	0.047614	0.377636	0.262441	0.693660	-0.366592	0.014151	-0.509341	-0.503536	-0.528498	0.200841	-0.101142	-0.088492	0.120952	0.169668	0.741395	0.078284	-0.135411	0.025050	-0.051810	
-0.004836	-0.010535	-0.191159	0.020262	0.515609	0.386590	0.195407	0.392222	0.344640	0.495547	0.810138	0.311442	0.400788	-0.224708	-0.200081	-0.401227	-0.125083	-0.743554	-0.500557	-0.063143	-0.523870	-0.115588	0.104600	0.653341	0.379577	0.457677	0.167438	-0.002779	
0.027814	0.034528	-0.042534	0.219699	0.457756	0.228883	0.403174	0.524537	0.337846	0.726812	-0.114296	0.104299	0.222297	0.393553	0.324636	-0.146873	-0.164768	-0.073420	-0.538442	-0.640611	-0.343605	-0.070540	0.161832	0.386100	0.613977	0.173086	-0.109940	-0.052453	
-0.014436	0.099017	-0.018033	0.167577	0.113050	0.419604	0.366828	0.345866	0.440397	0.065305	-0.107366	-0.018486	0.480456	0.572199	0.118506	0.614637	-0.083360	0.213954	0.247253	0.659065	0.098994	-0.606184	-0.160251	-0.042002	-0.545519	0.004179	-0.095905	-0.010579	
-0.018150	0.022147	0.001912	0.091678	-0.173946	0.153292	-0.445801	-0.619135	-0.222911	0.098855	-0.079794	0.480539	0.250905	0.288179	0.445778	-0.009785	0.298450	0.107734	0.037207	-0.357112	-0.270615	0.152835	-0.233708	-0.715216	-0.508752	-0.036774	-0.080438	-0.046992	
-0.000221	-0.021592	-0.024304	0.086051	-0.341368	-0.416125	-0.368006	-0.284186	0.072792	0.026931	0.031124	0.200539	0.488576	0.188895	0.832639	-0.179571	0.109067	-0.300893	-0.314140	-0.255259	-0.210416	-0.859777	-0.011918	-0.409956	-0.336116	-0.077390	-0.015935	-0.019332	
-0.029209	0.000859	0.012386	0.075250	-0.397355	0.068917	-0.299698	-0.005897	-0.194250	0.014472	0.220697	0.272971	0.446995	0.278995	0.032959	0.440363	0.108346	-0.039628	0.293079	-0.175235	-0.490359	-0.321213	-0.517127	-0.463923	-0.541471	-0.314274	-0.275675	-0.047553	
-0.010086	0.006586	0.090316	0.196244	-0.370893	0.064775	-0.310139	-0.145768	-0.111863	0.183690	0.094900	-0.028942	0.071845	0.304624	0.430791	-0.116764	0.215483	-0.145553	-0.347884	-0.388802	0.079245	0.050203	-0.150381	-0.258157	-0.324864	-0.355399	-0.137166	0.013260	
-0.050594	0.027900	0.025881	-0.086587	-0.266014	-0.205838	0.313378	-0.108511	0.165241	-0.002185	0.209720	0.220740	0.245636	0.074626	0.009918	-0.028461	-0.282313	-0.136752	0.021105	-0.052276	0.336298	0.047339	-0.190926	-0.694446	-0.398916	-0.308034	-0.022223	0.037060	
0.002665	-0.044327	0.069510	-0.295728	-0.636828	-0.010465	0.144253	-0.300747	-0.094965	-0.278557	-0.007713	-0.324102	-0.241695	-0.064792	-0.140436	0.084724	0.089161	0.199614	-0.152268	0.452375	-0.075620	-0.014737	0.118242	0.103943	-0.165746	0.054015	-0.024197	0.029607	
0.020817	0.017942	0.028442	-0.146939	-0.176162	-0.268618	-0.177633	0.077169	-0.109595	-0.437030	0.300975	0.023505	-0.241453	-0.235757	-0.198128	0.119534	0.173642	0.247271	0.226313	-0.032097	0.091148	0.278679	0.221273	-0.249892	-0.126198	0.012873	-0.028102	0.024028	
-0.023375	-0.034617	-0.018941	-0.091120	0.486817	-0.232591	0.461258	0.198382	0.199279	0.428622	-0.100671	0.142064	-0.185909	0.298263	0.006699	0.264079	-0.224915	0.464232	0.196223	-0.031808	0.194744	-0.038262	-0.053074	-0.028389	-0.341271	-0.048254	-0.049445	0.019988	
-0.018719	0.020306	-0.019455	-0.109177	0.785022	0.253998	0.254873	0.251025	-0.147800	-0.101649	0.036895	0.497192	0.136469	-0.000473	0.123612	0.091645	0.035406	-0.053818	0.324040	0.103771	-0.082769	-0.029647	0.156311	0.054264	-0.231994	-0.078928	-0.051676	-0.017254	
-0.013773	-0.030531	0.058682	0.042101	0.083923	-0.032302	-0.148783	-0.028623	0.470158	0.227446	0.164613	-0.255404	0.234817	0.469379	0.177780	0.273407	0.441226	0.224863	0.356079	-0.123852	0.334830	-0.004932	0.306773	0.311199	-0.076963	-0.074124	-0.008159	0.030480	
-0.004945	0.013634	0.022515	0.210218	-0.123971	-0.255069	-0.293131	-0.304820	0.044082	-0.081841	0.031966	0.500492	0.260499	0.161730	0.121111	0.119600	0.522066	-0.423604	0.326275	0.374057	0.238223	-0.085125	0.105174	0.243523	-0.098945	-0.090036	-0.055880	0.003889	
0.011592	-0.003741	0.016576	-0.066437	-0.298344	-0.231993	-0.081101	-0.221081	-0.146668	-0.210748	0.240375	-0.407185	-0.130833	0.013068	0.161623	-0.200725	-0.118333	0.364427	0.281668	0.483296	0.308007	0.438563	0.114838	0.021470	0.053647	-0.036095	-0.040853	0.013481	
-0.025703	-0.024992	-0.004360	0.045021	0.090939	0.399987	0.239301	0.049735	-0.105614	-0.138351	-0.024254	0.232405	0.445561	0.086541	0.417937	0.101430	0.057291	0.441281	0.327806	-0.085425	0.202931	0.366768	0.033311	-0.008336	-0.015150	-0.009565	0.000725	-0.017781	
-0.000818	-0.008804	0.031021	0.005715	-0.000404	-0.009179	-0.018262	0.020957	-0.007326	0.011469	0.009795	0.104346	0.197770	-0.042011	0.214709	0.166501	-0.083131	-0.113449	-0.141444	-0.012529	0.069554	0.048237	0.024693	0.018171	-0.021322	-0.000418	0.009840	-0.004471	
