192	498	499	500	501	502	503	504	505	506	507	508	509	510	511	512	513	514	515	516	517	518	497	496	495	483	474	475	
476	477	478	479	480	481	482	484	494	485	486	487	488	489	490	491	492	493	519	521	568	522	547	548	549	550	551	552	
553	554	555	556	557	558	559	560	561	562	563	564	565	566	567	546	545	544	532	523	524	525	526	527	528	529	530	531	
533	543	534	535	536	537	538	539	540	541	542	473	520	472	422	400	401	402	403	404	405	406	407	408	409	410	411	412	
413	414	415	416	417	418	419	420	399	398	397	385	376	377	378	379	380	381	382	383	384	386	396	387	388	389	390	391	
392	393	394	395	421	423	470	424	449	450	451	452	453	454	455	456	457	458	459	460	461	462	463	464	465	466	467	468	
469	448	447	446	434	425	426	427	428	429	430	431	432	433	435	445	436	437	438	439	440	375	442	443	444	471	569	607	
571	654	653	649	648	647	646	645	644	643	642	641	694	745	774	761	783	740	734	21	25	633	632	630	655	657	684	658	
683	682	681	679	678	677	676	675	674	673	672	721	779	776	766	770	775	753	764	750	22	662	661	659	629	656	628	598	
595	593	592	591	590	589	588	587	586	689	33	777	778	757	726	41	692	736	765	32	687	576	575	574	573	572	599	626	
600	623	622	621	620	619	618	617	616	725	768	758	752	703	610	609	35	6	0	737	686	606	605	604	603	602	601	685	
627	608	611	612	613	614	615	624	715	748	747	691	39	625	597	577	739	2	5	711	578	579	580	581	582	583	584	585	
594	596	660	663	664	665	666	759	724	701	717	38	667	668	43	733	767	741	735	669	670	671	680	631	634	635	636	637	
638	639	640	650	651	652	42	719	28	26	441	82	81	708	782	754	746	773	693	87	97	109	51	50	59	62	76	374	
116	157	156	155	177	176	37	762	769	31	40	716	700	23	771	12	763	720	166	115	136	137	138	139	140	141	142	143	
144	145	146	147	148	149	699	780	738	749	742	760	744	15	751	728	714	150	135	151	134	132	117	118	119	120	121	122	
123	124	125	126	127	128	129	730	756	731	781	718	710	27	20	727	729	130	131	133	152	153	154	174	175	178	179	180	
182	190	183	184	185	186	187	188	189	173	172	191	170	13	4	706	10	158	159	160	161	162	163	164	165	167	168	169	
181	106	63	64	65	66	67	68	70	71	72	73	74	9	16	1	695	61	60	45	46	47	48	49	52	53	54	55	
56	57	58	78	79	80	99	100	101	102	103	104	114	108	3	30	713	111	105	83	85	86	88	95	91	92	93	94	
44	96	90	89	84	98	112	110	107	113	69	77	171	17	755	732	690	282	193	307	308	309	373	310	311	312	313	314	
315	316	317	318	319	320	321	322	323	324	325	306	305	7	8	11	688	304	293	285	286	287	288	289	290	291	292	294	
303	295	296	297	298	299	300	301	302	326	327	328	329	18	704	19	696	353	354	355	356	357	358	359	360	361	362	363	
364	365	366	367	368	369	370	371	352	372	351	349	330	331	24	705	723	332	333	334	335	336	337	338	339	340	341	342	
343	344	345	346	347	348	284	350	283	259	216	217	218	219	709	772	722	702	220	221	222	223	224	225	226	227	228	229	
230	231	232	233	234	215	214	213	202	194	195	196	197	198	698	34	712	707	36	199	200	201	203	212	204	205	206	207	
208	209	210	211	235	236	237	238	262	263	264	265	266	267	268	697	743	14	29	269	270	271	272	273	274	275	276	277	
278	279	280	261	281	260	258	239	240	241	242	243	244	245	246	247	248	249	250	251	252	253	254	255	256	257	75	570	
