184	486	487	488	489	490	491	492	493	494	495	496	497	498	499	500	501	502	503	504	505	506	485	484	483	471	462	463	
464	465	466	467	468	469	470	472	482	473	474	475	476	477	478	479	480	481	507	509	556	510	535	536	537	538	539	540	
541	542	543	544	545	546	547	548	549	550	551	552	553	554	555	534	689	765	779	533	532	520	511	512	513	514	515	516	
517	518	519	521	531	522	523	524	525	526	527	528	529	530	461	735	30	740	757	508	460	410	388	389	390	391	392	393	
394	395	396	397	398	399	400	401	402	403	404	405	406	28	688	20	702	706	681	407	408	387	386	385	373	364	365	366	
367	368	369	370	371	372	374	384	375	376	377	378	26	10	704	717	5	686	379	380	381	382	383	409	411	458	412	437	
438	439	440	441	442	443	444	445	446	447	448	449	17	724	758	2	15	450	451	452	453	454	455	456	457	436	435	434	
422	413	414	415	416	417	418	419	420	421	423	34	0	773	745	36	433	424	426	427	428	429	430	431	432	459	557	606	
559	652	646	661	637	638	639	633	630	629	627	9	730	18	39	625	644	623	622	621	642	660	655	662	654	650	648	653	
651	628	584	583	582	581	580	579	619	577	3	44	760	683	574	586	573	571	570	567	564	560	572	588	589	616	615	614	
613	612	611	610	609	608	607	604	603	665	718	690	42	45	595	594	593	592	591	590	578	620	596	597	598	599	600	601	
602	605	587	561	562	563	565	566	41	680	728	723	4	568	569	575	576	7	6	19	585	617	618	659	657	649	645	647	
656	658	663	643	626	631	632	634	671	705	699	12	14	635	636	22	694	716	1	675	734	674	640	624	641	363	425	361	
297	85	105	103	101	52	58	108	711	770	40	701	24	140	664	731	752	733	677	720	769	741	47	139	156	109	129	362	
131	132	133	134	135	136	137	670	732	742	715	38	138	35	8	759	748	726	37	703	755	708	678	141	142	143	128	127	
126	117	111	112	113	114	115	668	721	772	21	116	679	736	761	691	725	43	27	32	751	31	118	125	119	120	121	122	
123	124	144	145	146	147	167	700	775	764	168	169	750	763	767	684	170	676	692	738	698	171	172	173	174	175	176	177	
178	179	180	181	166	182	165	712	744	746	163	673	714	783	719	148	687	754	774	667	149	183	150	151	152	153	154	155	
157	158	159	160	161	162	110	727	766	737	164	685	768	782	695	11	753	771	672	46	54	49	60	61	63	66	70	57	
69	68	67	65	62	59	71	25	739	781	666	16	747	780	743	713	707	696	51	50	56	48	53	55	64	72	90	74	
93	94	95	96	97	98	73	682	693	776	777	697	756	762	778	729	669	100	107	102	104	106	92	99	91	81	75	76	
77	78	79	80	82	89	83	84	13	722	710	33	749	709	23	29	86	87	88	272	185	298	299	300	301	302	303	304	
306	315	307	308	309	310	311	312	313	314	296	305	295	283	275	276	277	278	279	280	281	282	284	293	285	286	287	288	
289	290	291	292	294	316	317	318	341	342	343	344	345	346	347	348	349	350	351	352	353	354	355	356	357	358	359	340	
339	338	327	319	320	321	322	323	324	325	326	328	337	329	330	331	332	333	334	335	336	274	360	273	271	208	209	210	
211	212	213	214	215	217	226	218	219	220	221	222	223	224	225	207	216	206	194	186	187	188	189	190	191	192	193	195	
204	196	197	198	199	200	201	202	203	205	227	228	229	252	253	254	255	256	257	258	259	260	261	262	263	264	265	266	
267	268	269	270	251	250	249	238	230	231	232	233	234	235	236	237	239	248	240	241	242	243	244	245	246	247	130	558	
