52	503	504	505	506	507	508	509	510	511	512	513	514	515	516	517	518	519	520	521	522	523	502	501	500	488	479	480	
481	482	483	484	485	486	487	489	499	490	491	492	493	494	495	496	497	498	524	525	526	527	553	554	555	556	557	558	
559	560	561	562	563	564	565	566	567	568	569	570	571	572	573	552	574	551	549	528	529	530	531	532	533	534	535	536	
537	538	539	540	541	542	543	544	545	546	547	548	478	550	477	451	404	405	406	407	408	409	410	411	412	413	414	415	
416	417	418	419	420	421	422	423	424	403	402	401	389	380	381	382	383	384	385	386	387	388	390	400	391	392	393	394	
395	396	397	398	399	425	426	427	428	454	455	456	457	458	459	460	461	462	463	464	712	738	735	465	466	467	468	469	
470	471	472	473	33	39	474	453	475	452	450	429	430	431	432	433	434	435	436	437	722	747	729	438	439	440	441	442	
443	444	445	446	21	23	379	448	449	476	575	610	577	664	665	666	667	668	669	46	711	736	721	672	673	674	675	662	
661	660	659	658	22	36	657	656	655	654	653	652	651	650	649	648	670	679	691	719	37	754	707	706	705	702	700	699	
698	697	709	696	24	35	694	681	692	689	688	687	686	685	684	683	682	695	710	749	737	717	690	646	647	644	635	645	
606	605	604	725	11	726	601	600	599	598	597	596	595	594	608	593	591	589	588	768	745	731	584	583	582	581	580	579	
578	592	609	742	781	770	629	630	631	632	633	634	637	638	639	642	628	627	714	757	773	727	622	620	619	618	617	616	
615	614	613	772	780	778	680	607	612	621	623	624	625	626	641	640	643	636	763	741	764	716	611	585	586	587	590	602	
603	693	701	766	782	758	703	704	708	663	677	676	678	671	447	720	753	776	756	771	751	377	314	130	131	132	133	378	
135	136	137	760	783	774	139	148	140	723	43	41	31	12	7	744	777	769	779	765	734	141	142	143	144	145	146	147	
129	138	128	762	743	748	752	759	746	718	6	27	17	9	14	730	732	713	775	767	116	108	109	110	111	112	113	114	
115	117	126	118	40	28	739	44	728	18	45	724	119	120	121	122	123	755	750	19	124	125	127	150	171	151	174	175	
176	177	178	179	180	181	183	192	184	185	186	187	188	189	190	191	173	740	8	20	182	172	160	152	153	154	155	156	
157	158	159	161	170	106	163	164	165	166	167	168	169	107	149	105	97	13	2	34	67	66	65	64	63	62	53	60	
59	58	57	56	55	54	68	48	51	49	50	47	61	69	87	71	90	4	0	29	91	92	93	94	95	70	104	98	
99	100	101	102	103	89	96	88	78	72	73	74	75	76	77	79	86	5	1	26	80	81	82	83	84	85	162	193	
285	195	311	312	313	194	315	316	317	318	319	320	321	322	323	324	325	10	3	16	326	327	328	329	310	330	309	307	
288	289	290	291	292	293	294	295	296	297	298	299	300	301	302	303	304	25	30	15	305	306	308	332	354	333	357	358	
359	360	361	362	363	364	365	366	367	368	369	370	371	372	373	374	375	32	38	42	356	376	355	353	334	335	336	337	
338	339	340	341	342	343	344	345	346	347	348	349	350	351	352	287	331	733	715	761	286	239	219	220	221	222	223	224	
225	226	227	228	229	230	231	232	233	234	235	236	237	218	238	217	215	196	197	198	199	200	201	202	203	204	205	206	
207	208	209	210	211	212	213	214	216	240	262	241	265	266	267	268	269	270	271	272	273	274	275	276	277	278	279	280	
281	282	283	264	284	263	261	242	243	244	245	246	247	248	249	250	251	252	253	254	255	256	257	258	259	260	134	576	
