188	491	492	493	494	495	496	497	498	499	500	501	502	503	504	505	506	507	508	509	510	511	490	489	488	476	467	468	
469	470	471	472	473	474	475	477	487	478	479	480	481	482	483	484	485	486	512	513	514	515	541	542	543	544	545	546	
547	548	549	550	551	552	553	554	555	556	557	558	559	560	561	540	562	539	537	516	517	518	519	520	521	522	523	524	
525	526	527	528	529	530	531	532	533	534	535	536	466	465	464	415	393	394	395	396	397	398	399	400	401	402	403	404	
405	406	407	408	409	410	411	412	413	392	391	390	378	369	370	371	372	373	374	375	376	377	379	389	380	381	382	383	
384	385	386	387	388	414	416	463	417	442	443	444	445	446	447	674	684	677	683	71	448	449	450	451	452	453	454	455	
456	457	458	459	460	461	462	441	440	439	427	418	419	46	706	724	713	56	681	45	420	421	422	423	424	425	426	428	
438	429	430	431	432	433	434	435	564	437	538	59	723	747	738	709	692	693	725	44	38	563	568	640	644	645	646	647	
648	657	656	655	654	653	652	651	641	64	687	745	769	767	734	26	672	694	763	756	679	662	623	591	590	589	633	587	
586	585	584	583	576	575	571	570	569	682	719	739	760	751	50	51	567	63	758	772	716	597	598	619	620	625	626	627	
628	629	630	616	615	614	613	612	611	21	7	10	37	700	55	610	609	24	731	771	717	606	605	604	600	588	634	601	
602	603	607	608	631	624	622	621	618	41	16	34	49	617	599	580	566	18	714	766	707	572	573	574	577	578	579	581	
596	582	592	593	594	595	632	643	667	666	665	664	663	661	659	637	638	29	732	748	47	639	642	649	650	660	636	635	
658	368	436	366	301	96	97	98	99	114	115	116	117	14	11	20	39	701	741	720	69	119	120	121	94	90	83	367	
85	74	180	129	130	131	132	136	137	138	48	699	722	32	0	5	17	36	698	66	140	152	153	93	151	150	149	148	
147	146	145	144	143	142	141	154	57	695	775	778	765	708	43	33	696	31	15	27	62	135	134	133	128	127	126	139	
156	171	157	185	184	183	182	65	746	783	782	749	58	181	678	743	753	740	721	718	42	60	187	178	177	176	175	174	
173	186	172	170	169	168	669	761	781	780	754	52	167	685	755	762	752	727	750	770	768	759	715	705	702	166	165	164	
163	162	161	124	160	70	730	774	777	737	668	159	703	744	742	697	54	158	690	726	764	779	776	773	757	125	155	123	
118	79	80	75	92	22	19	728	710	671	675	711	736	729	30	40	72	89	88	87	86	712	735	733	691	84	82	81	
78	76	73	91	122	13	8	4	9	1	2	25	704	35	67	113	112	111	110	109	108	107	106	105	104	103	102	101	
100	95	179	321	189	53	23	12	3	6	28	676	61	68	302	303	304	305	306	307	308	309	310	311	312	313	314	315	
316	317	318	319	300	673	689	686	688	680	670	299	298	287	279	280	281	282	283	284	285	286	288	297	289	290	291	292	
293	294	295	296	320	322	365	323	346	347	348	349	350	351	352	353	354	355	356	357	358	359	360	361	362	363	364	345	
344	343	332	324	325	326	327	328	329	330	331	333	342	334	335	336	337	338	339	340	341	278	277	276	275	212	213	214	
215	216	217	218	219	221	230	222	223	224	225	226	227	228	229	211	220	210	198	190	191	192	193	194	195	196	197	199	
208	200	201	202	203	204	205	206	207	209	231	232	233	256	257	258	259	260	261	262	263	264	265	266	267	268	269	270	
271	272	273	274	255	254	253	242	234	235	236	237	238	239	240	241	243	252	244	245	246	247	248	249	250	251	77	565	
