86, 36, -504.2721253, 13, -503.7878788, -151.5169195, 2, 133, 1, -139.5060841, 19.35899417, 18.06110295, 12.0205932, 1.297891224, correct
109, 109, -483.6472096, 15, -497.7272727, -94.63243874, 9, 109, 1, -98.05548423, 242.8188889, 221.527851, 14.49018355, 21.29103789, correct
104, 103, -418.6721085, 15, -428.030303, -81.7386231, 11, 115, 9, -80.88210529, 297.1811111, 251.6875997, 9.397309576, 45.49351137, correct
225, 225, -559.3337306, 13, -575.7575758, -62.77712952, 5, 225, 8, -67.64926909, 244.6538241, 274.0119743, 17.13127068, -29.35815026, correct
64, 192, -621.3366417, 11, -612.8787879, -177.3045508, 5, 78, 6, -179.3057167, 128.2901632, 69.22605179, 8.69137256, 59.06411141, correct
136, 136, -287.6630601, 10, -293.1818182, -46.09101517, 4, 218, 4, -50.19070652, 252.4744316, 248.2554401, 6.874893424, 4.218991492, correct
120, 120, -120.3039798, 13, -132.5757576, -97.66627771, 4, 186, 7, -107.049463, 252.4744316, 258.3855371, 15.44799979, -5.911105497, correct
215, 215, -417.8146768, 14, -429.5454545, -83.25554259, 9, 215, 4, -79.90935609, 309.9575489, 335.4432465, 12.19869296, -25.48569755, correct
37, 37, -108.483899, 12, -99.24242424, -95.39089848, 8, 40, 7, -87.52463264, 72.47443162, 73.64756402, 12.13602053, -1.173132399, correct
126, 125, -559.3767548, 14, -571.2121212, -9.684947491, 9, 126, 9, -15.58688244, 270, 205.4635365, 13.2253066, 64.53646349, correct
127, 127, 141.0748339, 12, 131.0606061, -197.7829638, 8, 127, 10, -202.620452, 231.7098368, 241.94629, 11.12142306, -10.23645318, correct
136, 136, 31.98392482, 15, 21.21212121, -148.4830805, 6, 136, 11, -161.6636258, 250.6410058, 236.0415681, 17.02229501, 14.59943774, correct
186, 186, -654.9494769, 15, -653.030303, 3.967327888, 4, 186, 4, -0.936983962, 180, 121.8905525, 5.266450713, 58.10944752, correct
255, 255, -558.4990763, 10, -576.5151515, -62.77712952, 4, 255, 13, -70.83345702, 252.4744316, 313.795745, 19.73533323, -61.32131337, correct
255, 255, -522.9848485, 10, -525, -121.1785298, 4, 255, 4, -133.3138856, 199.3589942, 161.1883576, 12.30153235, 38.17063656, correct
48, 48, -97.57670704, 14, -86.36363636, -100.7001167, 2, 48, 12, -114.6340605, 114.4439548, 71.67250699, 17.88540588, 42.7714478, correct
206, 206, -657.5324428, 10, -652.2727273, 126.8378063, 11, 208, 9, 131.6489042, 65.55604522, 104.5801627, 7.128202451, -39.02411745, correct
255, 255, -261.8188196, 13, -275.7575758, -49.12485414, 7, 255, 5, -61.05330856, 252.4744316, 317.8277624, 18.34603358, -65.3533308, correct
224, 224, -679.8138923, 11, -693.9393939, -79.46324387, 5, 224, 2, -75.24911441, 289.3589942, 307.4927175, 14.74071518, -18.13372334, correct
225, 225, -310.4554949, 11, -318.9393939, -32.43873979, 5, 225, 3, -41.82192512, 244.6538241, 246.9215374, 12.64992923, -2.26771336, correct
255, 255, -548.0808261, 14, -534.0909091, 13.06884481, 5, 255, 12, 16.50759013, 90, 53.76807964, 14.40634401, 36.23192036, correct
251, 251, -481.9162399, 12, -484.0909091, -108.2847141, 4, 251, 9, -124.4805381, 207.1811111, 250.0098922, 16.34117198, -42.82878112, correct
164, 164, -568.7736509, 12, -553.7878788, -59.74329055, 5, 208, 12, -48.83812447, 70.64100582, 128.5545475, 18.53364547, -57.91354171, correct
166, 165, -228.5284233, 11, -229.5454545, 25.2042007, 8, 167, 5, 32.83211294, 17.52556837, 350.9405478, 7.695414067, 26.58502052, correct
189, 189, -266.3131133, 14, -252.2727273, -43.81563594, 4, 189, 13, -32.03383344, 24.44395477, 310.0801905, 18.32875635, 74.36376432, correct
200, 199, -297.5203713, 14, -278.7878788, -173.512252, 11, 202, 13, -175.4843548, 109.3589942, 142.9471019, 18.83601506, -33.58810773, correct
237, 237, -517.2570375, 12, -527.2727273, -142.4154026, 4, 240, 7, -143.4611082, 289.3589942, 262.2100955, 10.07013117, 27.14889867, correct
232, 232, 71.65733855, 13, 77.27272727, -143.1738623, 8, 232, 11, -149.4690958, 160.6410058, 140.4879466, 8.435790122, 20.15305926, correct
45, 42, -69.43939394, 14, -71.96969697, -136.3477246, 2, 50, 9, -128.7631272, 360, 347.5829571, 7.995533231, 12.41704288, correct
36, 31, -400, 13, -387.1212121, -1.341890315, 8, 47, 13, 10.29346558, 70.64100582, 91.80420769, 17.35640182, -21.16320186, correct
61, 61, -480.8934011, 12, -468.9393939, -109.0431739, 6, 71, 5, -124.4996146, 117.1811111, 70.62574957, 19.53969929, 46.55536152, correct
101, 152, -516.2432217, 10, -522.7272727, -144.6907818, 2, 62, 11, -145.1833575, 289.3589942, 243.3132712, 6.502733954, 46.04572297, correct
67, 67, -259.9037006, 13, -263.6363636, -65.05250875, 8, 69, 12, -60.00480842, 342.4744316, 280.9173602, 6.277901867, 61.55707141, correct
130, 64, -614.6516503, 15, -626.5151515, -188.6814469, 10, 204, 13, -189.4515314, 287.5255684, 339.1913271, 11.88846883, -51.66575877, correct
255, 255, 60.34542672, 13, 71.21212121, -159.8599767, 9, 255, 8, -174.215496, 114.4439548, 30.77391916, 18.00461011, 83.67003563, correct
126, 115, -259.9037006, 15, -268.9393939, -73.39556593, 5, 157, 5, -60.00480842, 342.4744316, 277.0317132, 16.15413694, 65.44271845, correct
118, 118, 69.75218546, 13, 76.51515152, -162.8938156, 5, 208, 2, -151.2554016, 45, 105.8756879, 13.46069801, -60.87568793, correct
82, 110, -78.48987555, 10, -92.42424242, -196.2660443, 4, 72, 12, -184.6921885, 342.4744316, 281.1208065, 18.11410275, 61.3536251, correct
72, 71, -565.7433479, 10, -567.4242424, -69.60326721, 1, 83, 7, -81.26689303, 174.8055711, 228.12102, 11.7841238, -53.31544894, correct
86, 111, -654.826239, 11, -654.5454545, 31.27187865, 2, 53, 11, 16.25324946, 180, 193.3206123, 15.02125369, -13.32061231, correct
197, 197, -676.7884808, 13, -680.3030303, -93.11551925, 2, 197, 1, -100.5755962, 205.3461759, 199.7387577, 8.246502635, 5.607418212, correct
223, 223, 68.93939394, 11, 75.75757576, -162.8938156, 9, 223, 6, -151.2584597, 45, 101.9754102, 13.48588559, -56.97541018, correct
241, 241, -106.6676161, 13, -115.1515152, -103.7339557, 7, 241, 4, -111.6002215, 252.4744316, 256.983499, 11.56955837, -4.509067335, correct
189, 153, -155.9100404, 13, -168.1818182, -84.01400233, 10, 163, 9, -94.91410715, 252.4744316, 252.4618852, 16.4136777, 0.012546402, correct
158, 139, 69.75218546, 14, 74.24242424, -159.8599767, 6, 157, 11, -151.2554016, 19.35899417, 304.5195722, 9.705717704, 74.83942194, correct
226, 226, -547.4585982, 13, -552.2727273, -41.54025671, 11, 226, 1, -33.85089473, 346.2637317, 60.49668099, 9.072051949, -74.2329493, correct
56, 55, -467.7777958, 11, -465.1515152, -127.2462077, 5, 56, 2, -116.2742179, 38.29016319, 343.0983821, 11.28192848, 55.19178108, correct
219, 219, 100.2858457, 12, 95.45454545, -114.3523921, 2, 226, 11, -107.6919974, 332.8188889, 349.2906703, 8.228141917, -16.47178138, correct
86, 86, -386.0828519, 10, -390.1515152, 13.82730455, 6, 86, 3, 26.87168587, 342.4744316, 353.2212167, 13.66418327, -10.74678509, correct
67, 67, -397.3737193, 11, -384.8484848, 0.933488915, 3, 181, 12, 11.19837193, 64.65382406, 125.4630388, 16.19411382, -60.8092147, correct
81, 75, 69.75218546, 14, 77.27272727, -143.1738623, 6, 84, 12, -151.2554016, 160.6410058, 113.9520121, 11.03946677, 46.6889937, correct
119, 166, -387.1027063, 16, -399.2424242, -5.892648775, 6, 66, 1, -16.25228285, 250.6410058, 289.1035421, 15.95915945, -38.46253631, correct
245, 245, -651.0599683, 10, -644.6969697, 110.1516919, 4, 245, 6, 120.9770298, 360, 47.44000216, 12.55689815, -47.44000217, correct
133, 109, 60.30366809, 14, 49.24242424, -164.4107351, 3, 209, 13, -173.3053506, 252.4744316, 223.8349249, 14.19384724, 28.63950675, correct
106, 72, -621.3366417, 15, -618.1818182, -191.7152859, 12, 184, 12, -179.3057167, 17.52556837, 47.68861382, 12.8043086, -30.16304545, correct
78, 133, -655.8948631, 11, -646.2121212, -9.684947491, 8, 59, 9, -1.813620385, 70.64100582, 103.5243434, 12.47851274, -32.88333758, correct
120, 120, 70.66144693, 12, 84.09090909, -165.1691949, 5, 120, 8, -151.213643, 72.47443162, 106.9004017, 19.36770204, -34.42597009, correct
155, 155, -260.8129621, 11, -264.3939394, -49.12485414, 5, 184, 9, -60.04656705, 225, 142.1935096, 11.49379013, 82.80649045, correct
54, 54, -568.7736509, 14, -562.8787879, -38.50641774, 4, 54, 12, -48.83812447, 175.0302593, 129.9490835, 11.89510717, 45.08117582, correct
77, 150, 70.66144693, 13, 84.09090909, -163.6522754, 11, 91, 2, -151.213643, 64.65382406, 123.9707575, 18.30491819, -59.31693349, correct
244, 244, 18.77365094, 12, 29.54545455, -143.9323221, 8, 244, 12, -133.027156, 70.64100582, 65.85586484, 15.32822234, 4.785140982, correct
187, 184, -674.4081672, 12, -675, -89.32322054, 5, 200, 11, -72.16537611, 27.18111108, 302.5652627, 17.16804856, 84.61584835, correct
216, 216, -305.3463451, 12, -316.6666667, -192.4737456, 5, 216, 7, -194.2510046, 287.5255684, 280.3106669, 11.45898466, 7.214901479, correct
64, 64, -568.7736509, 14, -559.8484848, -40.02333722, 4, 207, 10, -48.83812447, 162.4744316, 105.5458176, 12.54428412, 56.92861405, correct
39, 39, -266.3131133, 15, -250.7575758, -43.81563594, 2, 39, 3, -32.03383344, 24.44395477, 299.8011872, 19.51372895, 84.64276761, correct
97, 97, -688.0856894, 10, -675, -52.15869312, 2, 97, 2, -54.13079584, 109.3589942, 81.94013905, 13.23345967, 27.41885513, correct
26, 26, -399.6464466, 12, -384.0909091, -5.134189032, 11, 26, 13, -13.88215256, 92.1210964, 15.75287782, 17.8466135, 76.36821858, correct
86, 139, -679.8318164, 13, -691.6666667, -78.70478413, 2, 61, 6, -76.59660982, 289.3589942, 336.8921952, 12.02115132, -47.53320098, correct
54, 54, -560.5627458, 16, -555.3030303, 18.37806301, 5, 54, 9, 4.98612708, 180, 111.9808323, 14.38779188, 68.01916767, correct
255, 255, -227.8797373, 10, -237.8787879, -58.22637106, 5, 255, 4, -70.64339537, 250.6410058, 262.5155688, 15.94250621, -11.87456297, correct
153, 135, 82.07763728, 13, 79.54545455, -141.6569428, 4, 61, 1, -154.5940733, 160.6410058, 172.8334461, 13.1826133, -12.19244026, correct
136, 136, -605.1372873, 11, -615.9090909, -185.6476079, 5, 136, 12, -172.4670626, 302.4711923, 296.3497577, 17.02229501, 6.121434583, correct
77, 77, -4.949476912, 11, 8.333333333, -134.8308051, 2, 77, 5, -121.5320831, 72.47443162, 131.0198672, 18.79598506, -58.54543554, correct
70, 60, -387.1027063, 10, -400, -1.341890315, 5, 70, 2, -16.25228285, 252.4744316, 289.7455955, 19.71446146, -37.27116392, correct
255, 255, 88.02935356, 10, 75.75757576, -168.2030338, 11, 255, 3, -182.8954374, 250.6410058, 246.4036912, 19.14322993, 4.237314642, correct
148, 148, -641.2302008, 11, -646.2121212, 111.6686114, 2, 161, 7, 122.6703081, 360, 315.5686144, 12.07712133, 44.43138563, correct
147, 147, -552.86456, 11, -548.4848485, -76.4294049, 8, 155, 1, -69.13153714, 51.7098368, 74.61931808, 8.51121302, -22.90948128, correct
253, 253, -386.8617567, 10, -375, -1.341890315, 5, 253, 12, 10.75015077, 72.47443162, 23.48651602, 16.93867553, 48.98791561, correct
255, 255, 144.8475354, 16, 134.8484848, -197.7829638, 6, 255, 6, -204.1323102, 244.6538241, 246.1647431, 11.84462793, -1.510919014, correct
234, 234, -686.3636364, 11, -675.7575758, -55.95099183, 11, 236, 7, -54.1756126, 107.5255684, 91.30995734, 10.75362697, 16.21561104, correct
147, 147, -0.607010074, 15, -9.090909091, -143.1738623, 4, 147, 2, -149.5232087, 244.6538241, 263.4633477, 10.5967326, -18.80952367, correct
246, 246, -654.0454545, 12, -653.030303, 10.79346558, 11, 249, 10, 1.691948658, 180, 167.4405236, 9.157955167, 12.55947644, correct
227, 227, -412.4340044, 11, -404.5454545, -49.12485414, 8, 231, 1, -57.69631366, 160.6410058, 149.7297723, 11.64899724, 10.91123355, correct
150, 187, -502.558573, 14, -506.8181818, -158.3430572, 7, 155, 11, -168.0372908, 205.3461759, 200.6876032, 10.58878813, 4.658572715, correct
87, 84, -676.7884808, 11, -678.7878788, -90.08168028, 7, 90, 10, -100.5755962, 205.3461759, 206.2469813, 10.68268987, -0.900805311, correct
255, 255, -293.4626026, 11, -285.6060606, -140.1400233, 3, 255, 7, -150.1505657, 154.6538241, 164.7400581, 12.72541592, -10.08623401, correct
119, 119, -63.33397112, 12, -52.27272727, -109.8016336, 8, 121, 12, -101.6654779, 72.47443162, 23.452198, 13.73128344, 49.02223362, correct
212, 212, -80.79749848, 16, -88.63636364, -193.9906651, 5, 212, 13, -185.5734377, 342.4744316, 316.8058006, 11.50206608, 25.66863106, correct
42, 36, -354.426728, 10, -340.1515152, -190.9568261, 9, 44, 7, -187.4372877, 109.3589942, 60.72958167, 14.70268183, 48.6294125, correct
223, 223, 31.10392087, 14, 18.18181818, -151.5169195, 3, 223, 2, -161.6372356, 252.4744316, 249.2773827, 16.41345595, 3.197048965, correct
29, 29, -229.2861517, 13, -241.6666667, 3.967327888, 8, 29, 5, 18.41958575, 342.4744316, 284.2533516, 19.03010533, 58.22108005, correct
151, 151, -196.0463782, 10, -204.5454545, -71.1201867, 2, 174, 1, -81.26689303, 252.4744316, 231.5532905, 13.23593397, 20.92114115, correct
178, 159, 39.24337371, 15, 50.75757576, -151.5169195, 7, 200, 11, -140.6168147, 72.47443162, 73.69428264, 15.85525572, -1.219851011, correct
27, 26, -155.9100404, 13, -166.6666667, -86.28938156, 3, 31, 2, -94.91410715, 252.4744316, 245.1770485, 13.78734567, 7.297383169, correct
84, 84, 3.316664915, 12, 13.63636364, -137.8646441, 4, 89, 10, -125.8964931, 72.47443162, 359.1691087, 15.80293705, 73.30532293, correct
51, 51, -518.2798762, 16, -515.9090909, -134.0723454, 9, 203, 4, -143.4420317, 160.6410058, 82.26667148, 9.664969993, 78.37433435, correct
239, 236, -561.5293794, 12, -574.2424242, -13.47724621, 8, 239, 8, -14.70743602, 270, 235.7234624, 12.77242644, 34.27653757, correct
169, 169, -290.1000656, 11, -278.7878788, -93.11551925, 5, 169, 1, -104.9897613, 159.4439548, 182.9523003, 16.40009738, -23.50834557, correct
4, 4, 16.208588, 16, 9.090909091, -104.4924154, 2, 4, 9, -92.91510984, 334.6538241, 253.7628725, 13.590267, 80.89095159, correct
189, 189, -371.0615555, 12, -379.5454545, -11.20186698, 5, 189, 6, -20.58505231, 244.6538241, 243.355753, 12.64992923, 1.298071062, correct
127, 127, -614.3506246, 13, -606.8181818, -0.583430572, 5, 174, 4, 1.193828364, 90, 111.2631559, 7.739272793, -21.26315593, correct
150, 109, -487.3945414, 10, -493.1818182, -103.7339557, 10, 156, 7, -115.2353723, 225, 178.3675042, 12.8753702, 46.63249576, correct
129, 129, -51.9833161, 14, -60.60606061, -74.91248541, 8, 129, 13, -62.1942315, 342.4744316, 57.96076191, 15.36573153, -75.48633029, correct
228, 222, -260.1292693, 13, -256.8181818, -71.87864644, 1, 231, 3, -83.40610827, 154.6538241, 171.2360044, 11.99356813, -16.58218036, correct
102, 102, 52.01327181, 13, 62.87878788, -187.1645274, 8, 102, 4, -196.3093591, 160.6410058, 158.3121987, 14.20166845, 2.328807173, correct
90, 101, -451.2293058, 11, -448.4848485, -157.5845974, 2, 62, 12, -148.6488235, 27.18111108, 24.45204661, 9.347732436, 2.729064474, correct
76, 76, -489.8830774, 11, -503.030303, -49.88331389, 11, 158, 5, -52.49532211, 264.8055711, 197.4313141, 13.40418325, 67.37425704, correct
173, 118, -120.3039798, 10, -131.0606061, -101.4585764, 2, 72, 7, -107.049463, 244.6538241, 252.6437131, 12.12283062, -7.989889004, correct
103, 103, -542.6926802, 11, -555.3030303, -32.43873979, 6, 103, 3, -23.67385187, 330.524111, 317.2001921, 15.3572195, 13.32391889, correct
255, 255, -113.1646336, 14, -106.0606061, -190.9568261, 5, 255, 13, -209.325603, 154.6538241, 164.9367433, 19.69464824, -10.2829192, correct
255, 255, -655.8948631, 10, -645.4545455, -8.168028005, 7, 255, 8, -1.813620385, 70.64100582, 128.7616193, 12.22205907, -58.12061343, correct
131, 140, -656.774867, 10, -642.4242424, -8.168028005, 11, 50, 7, -1.840010609, 90, 104.224722, 15.68388441, -14.224722, correct
255, 255, 80.7682345, 11, 87.87878788, -134.0723454, 4, 255, 5, -117.2029688, 355.0302593, 47.73636177, 18.30671562, -52.7061025, correct
44, 44, -679.9965217, 14, -678.030303, -89.32322054, 6, 147, 6, -78.16205214, 19.35899417, 352.4171447, 11.33303559, 26.94184945, correct
129, 127, -555.66593, 10, -540.9090909, -67.32788798, 6, 131, 5, -68.53783716, 70.64100582, 109.9752161, 14.80635929, -39.33421027, correct
34, 33, -548.9827951, 13, -555.3030303, -21.06184364, 12, 37, 4, -36.94423038, 175.0302593, 245.9603394, 17.09372931, -70.93008016, correct
199, 164, -87.82357212, 14, -82.57575758, -82.49708285, 8, 182, 12, -93.61246112, 154.6538241, 101.1584349, 12.2919157, 53.49538918, correct
246, 246, -263.3769082, 13, -264.3939394, -150.7584597, 5, 247, 2, -144.647467, 355.0302593, 353.9943197, 6.195045194, 1.035939578, correct
97, 97, -322.3529572, 12, -337.8787879, -196.2660443, 3, 218, 5, -198.2203136, 270, 333.6948203, 15.64834133, -63.69482026, correct
255, 255, -550.2069015, 10, -558.3333333, -52.15869312, 6, 255, 10, -39.56815398, 360, 303.0820238, 14.98534519, 56.9179762, correct
121, 121, -62.38964987, 14, -49.24242424, -113.5939323, 4, 125, 5, -102.6388669, 64.65382406, 24.60060609, 17.11324048, 40.05321796, correct
201, 173, -264.6515152, 15, -256.8181818, -18.02800467, 5, 203, 4, -27.12952159, 162.4744316, 179.4763459, 12.0082772, -17.00191427, correct
246, 246, -101.0170312, 14, -93.18181818, -145.4492415, 6, 246, 11, -159.9032915, 180, 172.444139, 16.44111075, 7.555860965, correct
72, 72, -325.6070101, 11, -315.1515152, -178.8214702, 5, 72, 9, -180.0567213, 90, 113.0440676, 10.52821064, -23.04406762, correct
110, 110, 115.7433479, 10, 125.7575758, -181.0968495, 3, 201, 9, -169.4332237, 70.64100582, 85.64925282, 15.37286332, -15.00824699, correct
154, 154, -52.27272727, 13, -63.63636364, -74.15402567, 4, 154, 4, -63.79404901, 342.4744316, 39.42700899, 15.37729976, -56.95257737, correct
217, 217, -523.6354142, 13, -515.1515152, -80.22170362, 10, 217, 7, -69.3215988, 62.81888891, 67.75786023, 13.8126329, -4.938971315, correct
41, 41, 83.07022575, 12, 85.60606061, -134.0723454, 11, 182, 3, -117.4604013, 340.6410058, 299.4900699, 16.80437878, 41.15093595, correct
76, 164, -667.7370347, 13, -670.4545455, -109.8016336, 8, 81, 9, -115.6409092, 207.1811111, 203.8341161, 6.440652485, 3.346994967, correct
175, 175, 83.07022575, 11, 85.60606061, -136.3477246, 3, 103, 9, -117.4604013, 340.6410058, 315.3736134, 19.05679516, 25.26739244, correct
190, 185, -270.7240277, 13, -283.3333333, -50.64177363, 12, 191, 12, -58.33483629, 250.6410058, 171.7820143, 14.77084297, 78.85899155, correct
68, 63, -237.5980035, 12, -242.4242424, -26.37106184, 2, 71, 1, -16.3605195, 360, 351.8029229, 11.11321469, 8.197077072, correct
112, 112, -536.4019846, 15, -528.7878788, -42.29871645, 7, 112, 5, -38.76635024, 72.47443162, 67.59780359, 8.393581989, 4.876628036, correct
79, 79, -166.8324097, 13, -157.5757576, -71.87864644, 5, 79, 11, -67.79961805, 72.47443162, 61.16776114, 10.11553659, 11.30667049, correct
238, 158, -298.4296327, 13, -293.9393939, -165.9276546, 4, 210, 10, -175.5261134, 180, 109.9182822, 10.59682289, 70.08171782, correct
163, 132, -358.9593504, 14, -343.1818182, -189.4399067, 9, 90, 12, -188.9575247, 109.3589942, 166.593707, 15.78490465, -57.23471283, correct
152, 100, -555.7297952, 11, -537.8787879, -65.81096849, 5, 215, 5, -69.22834828, 70.64100582, 123.0023239, 18.17517396, -52.36131803, correct
69, 83, -67.91338044, 11, -73.48484848, -137.1061844, 6, 41, 8, -126.9095787, 360, 310.0348435, 11.61946743, 49.96515653, correct
28, 28, -654.0454545, 13, -646.969697, -2.858809802, 7, 35, 11, 1.691948658, 70.64100582, 346.0109801, 8.412832331, 84.63002569, correct
127, 127, -625, 10, -629.5454545, -177.3045508, 8, 127, 8, -192.7322054, 199.3589942, 246.9152941, 16.08333559, -47.55629997, correct
173, 134, -261.6444208, 10, -259.8484848, -82.49708285, 4, 150, 9, -89.47378622, 175.0302593, 168.2106298, 7.204149906, 6.819629478, correct
200, 143, -206.9687475, 10, -193.1818182, -64.29404901, 11, 202, 12, -54.15240393, 72.47443162, 74.57724534, 17.1152676, -2.102813719, correct
239, 239, -57.31630211, 16, -71.21212121, -89.32322054, 4, 239, 6, -76.38609009, 342.4744316, 345.710749, 18.98586665, -3.236317388, correct
174, 109, 100.5903708, 16, 90.90909091, -124.9708285, 5, 61, 12, -110.8473392, 342.4744316, 42.61283874, 17.12308762, -60.13840712, correct
183, 183, -52.77084757, 10, -62.12121212, -72.63710618, 5, 183, 9, -59.02814561, 342.4744316, 355.318199, 16.51160577, -12.84376735, correct
147, 147, -556.9283123, 13, -546.969697, -79.46324387, 5, 147, 6, -70.84944746, 62.81888891, 343.9074842, 13.16706145, 78.91140474, correct
127, 127, -570.6051111, 12, -563.6363636, -40.02333722, 9, 127, 12, -48.84318573, 162.4744316, 99.48507697, 11.24069257, 62.98935466, correct
147, 127, -278.2897585, 11, -274.2424242, -103.7339557, 6, 140, 10, -91.64191457, 360, 350.3634083, 12.75140667, 9.636591697, correct
41, 41, -674.4081672, 14, -678.030303, -89.32322054, 5, 41, 9, -72.16537611, 19.35899417, 310.5295407, 17.53600561, 68.82945346, correct
255, 255, -359.2414748, 15, -347.7272727, -7.409568261, 4, 255, 12, -1.060221904, 70.64100582, 62.56059299, 13.14880405, 8.080412834, correct
170, 75, -503.5865095, 16, -496.969697, -90.08168028, 5, 206, 6, -79.16244165, 56.68936917, 87.58382202, 12.7676145, -30.89445284, correct
46, 46, -37.18588171, 12, -31.06060606, -70.36172695, 4, 46, 8, -68.58214793, 65.55604522, 68.48714912, 6.378550253, -2.931103899, correct
194, 194, -631.6524388, 11, -623.4848485, -184.1306884, 2, 195, 11, -184.6024185, 75.57922687, 127.9759456, 8.181201694, -52.39671871, correct
192, 159, -347.5615297, 15, -334.0909091, -186.4060677, 11, 213, 12, -187.6362575, 109.3589942, 115.3082476, 13.52667688, -5.94925347, correct
222, 222, -299.0766812, 16, -289.3939394, -189.4399067, 4, 222, 2, -193.518935, 135, 84.45721058, 10.50685311, 50.54278941, correct
37, 37, -629.8187838, 11, -631.8181818, -175.0291715, 5, 37, 8, -181.7307887, 207.1811111, 180.5197942, 6.993515924, 26.66131693, correct
169, 169, -276.8857486, 11, -273.4848485, -181.8553092, 5, 184, 7, -189.8817475, 175.0302593, 234.3529633, 8.717214763, -59.32270399, incorrect
249, 249, -558.4990763, 16, -546.969697, -78.70478413, 5, 249, 12, -70.83345702, 51.7098368, 90.48017347, 13.96009953, -38.77033666, incorrect
59, 59, -588.6796784, 11, -578.7878788, -55.95099183, 4, 59, 9, -45.07221598, 72.47443162, 74.42083499, 14.70358679, -1.946403362, incorrect
141, 141, -81.32006152, 14, -71.96969697, -62.77712952, 5, 141, 4, -72.68042099, 162.4744316, 172.6008653, 13.62000364, -10.12643365, incorrect
57, 57, -361.9720746, 11, -346.969697, -187.1645274, 5, 170, 7, -184.6079284, 109.3589942, 137.0043412, 15.21865742, -27.64534705, incorrect
56, 56, -361.9706464, 16, -372.7272727, -14.23570595, 4, 57, 7, -23.61889128, 250.6410058, 243.219158, 14.27407356, 7.421847776, incorrect
48, 33, -557.633508, 12, -546.2121212, -80.22170362, 2, 43, 5, -70.85838064, 62.81888891, 340.5481426, 14.7688826, 82.27074636, incorrect
165, 147, -297.5203713, 10, -294.6969697, -168.2030338, 5, 185, 6, -175.4843548, 180, 100.3212845, 7.809560219, 79.67871552, incorrect
235, 235, -389.1344839, 11, -403.030303, -3.617269545, 6, 235, 5, -17.98468986, 252.4744316, 340.3948873, 19.98791022, -87.92045563, incorrect
238, 238, -679.0537629, 12, -696.2121212, -74.15402567, 4, 238, 11, -75.24750016, 289.3589942, 325.0401661, 17.19316574, -35.68117192, incorrect
42, 42, -388.1954068, 12, -402.2727273, -2.858809802, 8, 159, 8, -16.12410653, 252.4744316, 304.1348909, 19.34267432, -51.6604593, incorrect
215, 211, -387.1027063, 11, -394.6969697, -30.16336056, 2, 219, 1, -16.25228285, 360, 283.9674936, 15.84900374, 76.03250643, incorrect
147, 147, -523.0978698, 16, -533.3333333, -42.29871645, 10, 154, 9, -44.89071458, 252.897271, 235.6069682, 10.55855896, 17.29030285, incorrect
255, 255, -518.2798762, 12, -518.9393939, -131.0385064, 2, 255, 7, -143.4420317, 197.5255684, 247.5418967, 12.42104679, -50.01632834, incorrect
179, 166, -574.0283811, 10, -585.6060606, -70.36172695, 8, 172, 2, -77.49445547, 250.6410058, 247.2263867, 13.59847342, 3.414619081, incorrect
249, 249, -639.4372542, 11, -646.969697, 138.9731622, 7, 249, 9, 123.5436279, 180, 96.73203261, 17.16998029, 83.26796739, incorrect
119, 119, -244.9777541, 14, -235.6060606, 42.6487748, 5, 203, 5, 28.84593373, 162.4744316, 155.5644323, 16.68373642, 6.909999316, incorrect
181, 180, -640.7021894, 16, -632.5757576, 132.9054842, 3, 191, 3, 134.1191272, 90, 51.9056284, 8.216557922, 38.0943716, incorrect
184, 184, -652.0658258, 13, -660.6060606, 124.5624271, 10, 190, 11, 132.450301, 287.5255684, 332.4652271, 11.62558238, -44.93965873, incorrect
227, 227, -677.4384703, 15, -675.7575758, -87.80630105, 8, 227, 1, -73.6822956, 19.35899417, 290.1816652, 14.2236752, 89.17732897, incorrect
167, 134, -4.949476912, 12, 7.575757576, -130.2800467, 8, 60, 10, -121.5320831, 85.03025927, 143.594587, 15.2777081, -58.56432776, incorrect
110, 95, -264.1325026, 14, -282.5757576, -172.7537923, 8, 118, 8, -169.7819707, 267.8789036, 220.6528657, 18.68115036, 47.2260379, incorrect
85, 85, -314.1363636, 14, -325, -92.35705951, 4, 86, 12, -96.90781797, 265.0302593, 269.9808843, 11.778285, -4.950624982, incorrect
184, 120, -481.9162399, 13, -484.0909091, -113.5939323, 6, 199, 1, -124.4805381, 194.4207731, 250.574516, 11.10168331, -56.15374289, incorrect
70, 70, -398.7581778, 11, -390.9090909, -10.44340723, 5, 70, 4, -14.86964517, 92.1210964, 164.7836638, 9.01109022, -72.66256737, incorrect
226, 226, -286.7676587, 15, -276.5151515, -96.14935823, 8, 226, 11, -107.172701, 162.4744316, 191.526442, 15.05416852, -29.0520104, incorrect
143, 143, -283.5939672, 11, -277.2727273, -95.39089848, 5, 143, 11, -108.3399299, 162.4744316, 236.8211716, 14.4095624, -74.34674001, incorrect
143, 143, -686.2130707, 11, -693.1818182, -15.75262544, 4, 217, 11, -7.127899851, 295.3461759, 285.5264712, 11.08825204, 9.819704704, incorrect
42, 42, 82.07763728, 11, 93.18181818, -166.6861144, 2, 43, 1, -153.7489839, 72.47443162, 346.0923727, 17.04911076, 86.3820589, incorrect
110, 107, -679.1530132, 10, -668.1818182, -103.7339557, 2, 46, 7, -96.59799583, 27.18111108, 31.48173449, 13.08774396, -4.300623413, incorrect
176, 176, -400, 10, -389.3939394, 3.967327888, 2, 176, 1, 10.29346558, 70.64100582, 75.78621664, 12.34943479, -5.145210821, incorrect
121, 106, -469.4137356, 15, -481.8181818, -121.9369895, 4, 123, 11, -118.3028047, 281.3099325, 327.3369557, 12.92584951, -46.02702325, incorrect
55, 55, -361.7379519, 16, -346.2121212, -191.7152859, 8, 154, 10, -192.0363958, 109.3589942, 148.7524378, 15.52915096, -39.39344363, incorrect
161, 158, -261.8188196, 15, -264.3939394, -71.1201867, 5, 164, 4, -61.05330856, 342.4744316, 352.133342, 10.39101907, -9.658910403, incorrect
42, 42, -504.5001867, 16, -495.4545455, -57.46791132, 2, 51, 7, -50.90228677, 50.71059314, 122.2215345, 11.17725596, -71.51094132, incorrect
137, 157, -234.5677004, 13, -248.4848485, -11.20186698, 5, 79, 4, 0.325594856, 342.4744316, 342.9892872, 18.07123091, -0.514855608, incorrect
124, 109, -96.49290564, 15, -86.36363636, -129.5215869, 2, 140, 4, -140.290589, 162.4744316, 178.6885886, 14.78423153, -16.21415702, incorrect
255, 255, -386.0777907, 14, -389.3939394, 69.19486581, 4, 255, 2, 79.64755922, 342.4744316, 17.9714587, 10.96611334, -35.49702708, incorrect
255, 255, -319.8475354, 14, -309.8484848, -24.09568261, 8, 255, 12, -14.71249728, 72.47443162, 81.09139071, 13.71222734, -8.616959081, incorrect
255, 255, -297.5203713, 16, -292.4242424, -162.1353559, 2, 255, 4, -175.4843548, 180, 93.53723057, 14.28867734, 86.46276944, incorrect
143, 143, -653.7878788, 10, -650.7575758, 136.697783, 4, 213, 7, 122.0285881, 180, 248.296366, 14.978919, -68.29636595, incorrect
124, 138, 82.07763728, 11, 95.45454545, -164.4107351, 2, 71, 13, -154.5940733, 72.47443162, 27.69784084, 16.59242364, 44.77659079, incorrect
117, 80, -604.6960202, 15, -597.7272727, -44.57409568, 4, 182, 4, -42.77550779, 90, 81.05458055, 7.197107764, 8.945419453, incorrect
251, 251, -227.7542093, 14, -216.6666667, 17.61960327, 5, 251, 1, 18.51287797, 66.2505055, 86.91270917, 11.12346803, -20.66220366, incorrect