1, -49.12485414, -57.69631366, -10.91123355, correct
1, -350.991832, -340.8733956, 84.46548142, correct
1, -285.0058343, -301.2701179, 3.663719817, correct
1, -768.9031505, -778.1027255, 84.65651643, correct
1, -302.4504084, -314.73633, 3.92863285, correct
1, -548.1913652, -561.2920823, 7.55864992, correct
1, -151.5169195, -139.5060841, -1.297891224, correct
1, -512.5437573, -519.952793, -88.93389008, correct
1, -263.7689615, -245.7316707, -19.35975964, correct
1, -656.6511085, -647.2628619, -21.33687272, correct
1, -202.3337223, -205.6492297, -29.50290616, correct
1, -581.5635939, -586.4085738, 85.10819406, correct
1, -94.63243874, -98.05548423, -21.29103789, correct
1, -707.4679113, -700.3413926, -87.38683431, correct
1, -90.08168028, -100.5755962, 0.900805311, correct
1, -494.3407235, -489.3347818, 17.38789853, correct
1, -265.285881, -263.4822318, 7.335699872, correct
1, -407.117853, -417.2852223, -48.40144504, correct
1, -210.6767795, -223.9241485, -64.1101107, correct
1, -332.7887981, -339.4292405, -47.22095841, correct
1, -734.7724621, -742.8570595, 50.65341304, correct
1, -364.6441074, -361.3487505, 19.59212736, correct
1, -350.2333722, -361.3069919, -42.34347476, correct
1, -488.2730455, -470.8836872, 41.20062831, correct
1, -215.2275379, -215.7156315, -46.46314691, correct
1, -324.445741, -337.5980163, 26.48125528, correct
1, -62.77712952, -67.64926909, 29.35815026, correct
1, -140.1400233, -150.1505657, 10.08623401, correct
1, -177.3045508, -179.3057167, -59.06411141, correct
1, -404.084014, -406.9506481, 66.89831152, correct
1, -46.09101517, -50.19070652, -4.218991492, correct
1, -109.8016336, -101.6654779, -49.02223362, correct
1, -193.9906651, -185.5734377, -25.66863106, correct
1, -190.9568261, -187.4372877, -48.6294125, correct
1, -367.6779463, -359.3901049, 48.86215206, correct
1, -627.0711785, -631.4362417, -68.68258754, correct
1, -97.66627771, -107.049463, 5.911105497, correct
1, -269.0781797, -266.3310704, 15.01970198, correct
1, -329.7549592, -339.4292405, -81.47687557, correct
1, -83.25554259, -79.90935609, 25.48569755, correct
1, -259.9766628, -245.7316707, 0.284772103, correct
1, -564.1190198, -574.953184, -65.31125368, correct
1, -95.39089848, -87.52463264, 1.173132399, correct
1, -593.6989498, -600.7264568, 42.04198098, correct
1, -668.0280047, -678.9281095, -2.120973153, correct
1, -9.684947491, -15.58688244, -64.53646349, correct
1, -233.4305718, -237.6940844, -18.49978384, correct
1, -635.4142357, -645.361105, 39.1995613, correct
1, -148.4830805, -161.6636258, -14.59943774, correct
1, -71.1201867, -81.26689303, -20.92114115, correct
1, 3.967327888, -0.936983962, -58.10944752, correct
1, -62.77712952, -70.83345702, 61.32131337, correct
1, -592.9404901, -601.7832047, 63.97778625, correct
1, -415.4609102, -403.6339951, -28.77766678, correct
1, -121.1785298, -133.3138856, -38.17063656, correct
1, -420.7701284, -410.0011263, -1.471339642, correct
1, -408.6347725, -398.0020562, -42.07095685, correct
1, -452.6254376, -462.3348486, 28.10859364, correct
1, -100.7001167, -114.6340605, -42.7714478, correct
1, -332.0303384, -337.5980163, 87.96165757, correct
1, -385.8809802, -377.2506771, 45.89253051, correct
1, -714.294049, -708.619899, -34.17181879, correct
1, 126.8378063, 131.6489042, 39.02411745, correct
1, -580.8051342, -592.5250368, -89.13205612, correct
1, -774.9708285, -776.5497653, -13.76296926, correct
1, -495.0991832, -479.7230869, -17.07542768, correct
1, -580.8051342, -582.507749, -68.7465119, correct
1, -383.6056009, -377.2661718, 31.46234196, correct
1, -715.0525088, -718.5863477, -50.66177863, correct
1, -151.5169195, -140.6168147, 1.219851011, correct
1, -505.7176196, -500.0870203, 22.5254568, correct
1, -554.2590432, -570.7382561, -30.54310675, correct
1, -86.28938156, -94.91410715, -7.297383169, correct
1, -483.722287, -489.955708, -20.39158111, correct
1, -49.12485414, -61.05330856, 65.3533308, correct
1, -561.8436406, -569.6866978, -30.52372645, correct
1, -686.2310385, -679.7005826, -60.95651413, correct
1, -137.8646441, -125.8964931, -73.30532293, correct
1, -407.117853, -416.4262714, 67.8298551, correct
1, -292.5904317, -281.6903269, 10.68865065, correct
1, -222.8121354, -224.6163007, -36.72000019, correct
1, -328.2380397, -339.0421714, -66.08737062, correct
1, -438.2147025, -446.0062014, -49.82076609, correct
1, -614.1773629, -602.5864236, 7.480863131, correct
1, -79.46324387, -75.24911441, 18.13372334, correct
1, -376.7794632, -377.2661718, 4.029634585, correct
1, -359.3348891, -366.6162101, 46.29854815, correct
1, -668.7864644, -681.9835566, -12.26622389, correct
1, -778.0046674, -787.6989011, -15.57224669, correct
1, -134.0723454, -143.4420317, -78.37433435, correct
1, -294.865811, -309.5902223, 30.73438831, correct
1, -391.1901984, -394.843092, -40.33974067, correct
1, -13.47724621, -14.70743602, -34.27653757, correct
1, -567.9113186, -564.3874576, 14.51794482, correct
1, -244.0490082, -249.8320811, 60.22361302, correct
1, -728.7047841, -746.1387223, 23.41343812, correct
1, -93.11551925, -104.9897613, 23.50834557, correct
1, -685.4725788, -694.9276491, -35.02178337, correct
1, -364.6441074, -374.669827, -2.277168742, correct
1, -104.4924154, -92.91510984, -80.89095159, correct
1, -351.7502917, -337.5980163, 44.30454413, correct
1, -701.4002334, -717.1773223, 8.734173656, correct
1, -238.73979, -239.0079594, -12.9014104, correct
1, -690.0233372, -690.388269, 32.75931767, correct
1, -32.43873979, -41.82192512, 2.26771336, correct
1, -721.1201867, -722.899427, -46.61303418, correct
1, -605.8343057, -620.7137535, 75.37257437, correct
1, -11.20186698, -20.58505231, -1.298071062, correct
1, -219.7782964, -221.9452104, 52.97522215, correct
1, -370.7117853, -361.3518086, 5.925632371, correct
1, -241.7736289, -249.5239694, 10.79157675, correct
1, -666.5110852, -673.6053923, -89.19290017, correct
1, -108.2847141, -124.4805381, 42.82878112, correct
1, -283.4889148, -269.8918552, 66.86098747, correct
1, -0.583430572, 1.193828364, 21.26315593, correct
1, -310.7934656, -300.4453954, -66.32948162, correct
1, -59.74329055, -48.83812447, 57.91354171, correct
1, -329.7549592, -340.8733956, 79.42025694, correct
1, -311.5519253, -324.9169548, -34.52657161, correct
1, -385.8809802, -397.408442, -4.741183043, correct
1, -348.7164527, -337.5980163, -85.39947516, correct
1, -383.6056009, -388.3144733, 59.13997941, correct
1, -372.9871645, -386.2159949, -34.84952876, correct
1, -363.8856476, -360.3002504, 57.24177003, correct
1, -291.831972, -285.8705089, 0.027422488, correct
1, -103.7339557, -115.2353723, -46.63249576, correct
1, -413.9439907, -416.9894544, -66.60189402, correct
1, -730.2217036, -719.1051469, -16.91529383, correct
1, -74.91248541, -62.1942315, 75.48633029, correct
1, -649.0665111, -660.9301158, 73.76371739, correct
1, -687.747958, -694.1204404, -59.19421809, correct
1, -677.1295216, -683.9004435, -39.45796894, correct
1, -577.0128355, -587.9848253, -41.94928463, correct
1, -407.117853, -406.9506481, 68.98454245, correct
1, 25.2042007, 32.83211294, -26.58502052, correct
1, -225.8459743, -225.3949072, -45.7167007, correct
1, -377.537923, -386.2176092, -66.90342706, correct
1, -751.4585764, -742.8287881, 42.7491258, correct
1, -307.0011669, -314.872494, 2.754192574, correct
1, -43.81563594, -32.03383344, -74.36376432, correct
1, -386.6394399, -395.2641655, 10.39959527, correct
1, -187.1645274, -196.3093591, -2.328807173, correct
1, -668.7864644, -672.3718617, -53.12937755, correct
1, -405.6009335, -415.0057269, 26.30734885, correct
1, -142.4154026, -143.4611082, -27.14889867, correct
1, -143.1738623, -149.4690958, -20.15305926, correct
1, -431.3885648, -448.2252448, 18.8887319, correct
1, -234.1890315, -237.6940844, -54.59890819, correct
1, -656.6511085, -657.6109376, -89.59084508, correct
1, -411.6686114, -398.7596512, -56.9071176, correct
1, -1.341890315, 10.29346558, 21.16320186, correct
1, -281.9719953, -290.1493095, 62.54440959, correct
1, -241.7736289, -255.7161995, -59.9778994, correct
1, -590.6651109, -598.6969219, -51.79593658, correct
1, -670.3033839, -674.3541424, -76.5452972, correct
1, -385.8809802, -395.2409568, -34.45732857, correct
1, -144.6907818, -145.1833575, -46.04572297, correct
1, -709.7432905, -704.4892881, -38.5342303, correct
1, -374.504084, -370.1817279, 66.4892155, correct
1, -659.6849475, -673.8887811, -31.33687889, correct
1, -657.4095683, -671.6447417, 79.19004057, correct
1, -65.05250875, -60.00480842, -61.55707141, correct
1, -784.0723454, -772.1027325, 12.58659396, correct
1, -636.9311552, -650.0434228, -9.743412946, correct
1, -49.88331389, -52.49532211, -67.37425704, correct
1, -250.1166861, -256.7847099, -43.23330754, correct
1, -669.5449242, -673.658604, 32.87108414, correct
1, -649.8249708, -646.1984151, -67.88792016, correct
1, -372.9871645, -371.2099056, -15.28479095, correct
1, -411.6686114, -416.9894544, 87.81410179, correct
1, -394.9824971, -402.827434, 4.322557351, correct
1, -769.6616103, -777.0790028, -44.00701623, correct
1, -369.9533256, -361.3069919, 37.65134523, correct
1, -611.1435239, -624.331561, 45.39795176, correct
1, -432.1470245, -447.3595342, 37.36324743, correct
1, -101.4585764, -107.049463, 7.989889004, correct
1, -649.0665111, -643.599179, 72.14398999, correct
1, -402.5670945, -395.2276277, 42.98946201, correct
1, -495.8576429, -493.2748711, -67.35448167, correct
1, -264.5274212, -274.2216549, 10.53281878, correct
1, -32.43873979, -23.67385187, -13.32391889, correct
1, -719.6032672, -712.5001518, 23.89057951, correct
1, -159.8599767, -174.215496, -83.67003563, correct
1, -722.6371062, -726.2353764, -39.56720705, correct
1, -636.9311552, -624.1954534, -23.47907022, correct
1, -73.39556593, -60.00480842, -65.44271845, correct
1, -517.8529755, -530.8973568, -5.118427365, correct
1, -190.9568261, -209.325603, 10.2829192, correct
1, -8.168028005, -1.813620385, 58.12061343, correct
1, -162.8938156, -151.2554016, 60.87568793, correct
1, -733.2555426, -719.8731388, -75.80209072, correct
1, -236.4644107, -235.9335065, -73.52824161, correct
1, -437.4562427, -447.0444682, -56.54684859, correct
1, -394.2240373, -401.3105145, -7.60318205, correct
1, -336.5810968, -339.8006312, 11.71186491, correct
1, -759.0431739, -775.772603, -76.3773786, correct
1, -584.5974329, -573.0547938, 13.18225549, correct
1, -561.0851809, -569.6897559, -71.71153526, correct
1, -196.2660443, -184.6921885, -61.3536251, correct
1, -411.6686114, -415.0057269, 72.48566006, correct
1, -732.4970828, -740.2474233, 3.199138545, correct
1, -653.6172695, -645.3294281, 53.59991316, correct
1, -582.3220537, -578.0580249, -36.71504836, correct
1, -717.327888, -703.6322978, -7.107433677, correct
1, -69.60326721, -81.26689303, 53.31544894, correct
1, -376.7794632, -386.7900056, 12.23205428, correct
1, -134.0723454, -117.2029688, 52.7061025, correct
1, -410.9101517, -417.9020324, -50.70575453, correct
1, -278.9381564, -288.2984756, 47.95507358, correct
1, -232.672112, -235.1758936, -33.51506833, correct
1, -670.3033839, -668.7864644, 31.7936093, correct
1, -89.32322054, -78.16205214, -26.94184945, correct
1, -67.32788798, -68.53783716, 39.33421027, correct
1, -21.06184364, -36.94423038, 70.93008016, correct
1, -330.5134189, -337.5980163, 58.16635588, correct
1, 31.27187865, 16.25324946, 13.32061231, correct
1, -583.0805134, -588.6481914, -63.96222158, correct
1, -341.1318553, -339.4292405, -8.563759096, correct
1, -347.1995333, -361.8820195, -83.58517721, correct
1, -679.4049008, -682.9902981, -26.17632232, correct
1, -608.1096849, -609.9208258, 15.352761, correct
1, -93.11551925, -100.5755962, -5.607418212, correct
1, -751.4585764, -742.8570595, -71.57333948, correct
1, -248.5997666, -262.6893918, 60.87547104, correct
1, -454.1423571, -452.0738793, 59.11052607, correct
1, -695.3325554, -682.782905, -42.46449936, correct
1, -603.5589265, -617.0606362, 9.570593084, correct
1, -103.7339557, -111.6002215, 4.509067335, correct
1, -378.2963827, -367.985339, -85.95045328, correct
1, -331.2718786, -339.0421714, 32.83911628, correct
1, -636.9311552, -647.2463151, -40.25284185, correct
1, -84.01400233, -94.91410715, -0.012546402, correct
1, -485.9976663, -497.8795121, 30.28948757, correct
1, -492.0653442, -502.8343463, -5.496164168, correct
1, -237.9813302, -249.0741083, -62.53534767, correct
1, -521.6452742, -519.8466863, 15.25427085, correct
1, -567.1528588, -578.0580249, 52.56288578, correct
1, -268.31972, -277.4645517, 18.0624774, correct
1, -275.1458576, -274.1057295, 2.879683717, correct
1, -560.3267211, -562.9053769, 34.26154926, correct
1, -579.2882147, -587.6312719, 61.41347418, correct
1, -159.8599767, -151.2554016, -74.83942194, correct
1, -196.2660443, -198.2203136, 63.69482026, correct
1, -201.5752625, -212.9954735, -2.856157988, correct
1, -41.54025671, -33.85089473, 74.2329493, correct
1, -212.1936989, -204.0646849, -0.321875018, correct
1, -127.2462077, -116.2742179, -55.19178108, correct
1, -690.781797, -692.751808, -60.17709206, correct
1, -655.8926488, -647.2463151, 35.31411005, correct
1, -325.9626604, -327.2211202, -31.31418463, correct
1, -52.15869312, -39.56815398, -56.9179762, correct
1, -113.5939323, -102.6388669, -40.05321796, correct
1, -18.02800467, -27.12952159, 17.00191427, correct
1, -145.4492415, -159.9032915, -7.555860965, correct
1, -657.4095683, -659.9755666, -85.96605279, correct
1, -481.4469078, -492.9743697, -11.49775249, correct
1, -227.3628938, -239.2698474, 5.801179264, correct
1, -702.1586931, -695.8042855, 50.06228207, correct
1, -595.2158693, -589.5196725, -51.7565161, correct
1, -114.3523921, -107.6919974, 16.47178138, correct
1, -178.8214702, -180.0567213, 23.04406762, correct
1, 13.82730455, 26.87168587, 10.74678509, correct
1, -359.3348891, -367.1898528, 59.51107542, correct
1, -247.0828471, -257.8593974, -78.97689154, correct
1, -339.6149358, -340.8733956, 41.97623729, correct
1, -222.0536756, -222.9366559, 67.70118552, correct
1, -394.9824971, -398.6166819, 53.27571652, correct
1, -646.7911319, -656.3568871, -63.93291256, correct
1, -307.0011669, -296.8544605, -7.512984002, correct
1, -584.5974329, -600.9878654, 77.64516658, correct
1, -181.0968495, -169.4332237, 15.00824699, correct
1, -615.6942824, -609.9208258, -60.155246, correct
1, -435.1808635, -447.0444682, -88.00519577, correct
1, -501.1668611, -491.1487706, 76.01543879, correct
1, -74.15402567, -63.79404901, 56.95257737, correct
1, -780.2800467, -768.6428111, 86.69018205, correct
1, -80.22170362, -69.3215988, 4.938971315, correct
1, 0.933488915, 11.19837193, 60.8092147, correct
1, -199.2998833, -209.325603, -25.1631646, correct
1, -549.7082847, -534.6453047, 47.99327512, correct
1, -376.7794632, -369.6183108, -41.8525411, correct
1, -247.8413069, -255.6986646, -11.50532911, correct
1, -506.4760793, -507.6294923, 46.40438614, correct
1, -143.1738623, -151.2554016, -46.6889937, correct
1, -614.1773629, -623.4446228, -21.22931798, correct
1, -5.892648775, -16.25228285, 38.46253631, correct
1, -354.0256709, -340.8733956, -23.29821028, correct
1, -354.7841307, -369.6166966, 54.94965619, correct
1, -134.0723454, -117.4604013, -41.15093595, correct
1, -529.9883314, -543.7911725, -8.625572191, correct
1, 110.1516919, 120.9770298, 47.44000217, correct
1, -164.4107351, -173.3053506, -28.63950675, correct
1, -567.1528588, -560.5965927, -72.63844355, correct
1, -349.4749125, -338.6707807, -8.185440277, correct
1, -668.7864644, -672.8654928, 48.38392939, correct
1, -241.0151692, -239.0270358, -14.30141848, correct
1, -698.3663944, -692.751808, 72.95328423, correct
1, -289.5565928, -290.9229466, 84.68105065, correct
1, -597.4912485, -607.5017909, 14.56475771, correct
1, -405.6009335, -398.0020562, 44.54242695, correct
1, -363.1271879, -361.8820195, -26.66623999, correct
1, -292.5904317, -290.0993248, -37.70308585, correct
1, -237.2228705, -238.5113876, -47.56257637, correct
1, -580.8051342, -580.3175678, 40.1751694, correct
1, -109.8016336, -115.6409092, -3.346994967, correct
1, -338.0980163, -337.5980163, -75.77453324, correct
1, -699.8833139, -695.8325554, 32.01125485, correct
1, -191.7152859, -179.3057167, 30.16304545, correct
1, -9.684947491, -1.813620385, 32.88333758, correct
1, -393.4655776, -403.6339951, -87.98105384, correct
1, -571.7036173, -585.5064583, -5.435971335, correct
1, -340.3733956, -338.6707807, 22.38022605, correct
1, -601.2835473, -611.1435239, -78.26404376, correct
1, -301.6919487, -309.5902223, 26.66763416, correct
1, -402.5670945, -412.6855309, 10.57950638, correct
1, -409.3932322, -406.8145765, -21.4031315, correct
1, -136.3477246, -117.4604013, -25.26739244, correct
1, -674.0956826, -681.9835566, -8.393091086, correct
1, -655.134189, -667.8698908, 72.88319514, correct
1, -165.1691949, -151.213643, 34.42597009, correct
1, -49.12485414, -60.04656705, -82.80649045, correct
1, -38.50641774, -48.83812447, -45.08117582, correct
1, -228.1213536, -239.0079594, -89.4302864, correct
1, -368.4364061, -362.5442898, 58.3516658, correct
1, -686.2310385, -691.2519851, -33.14852097, correct
1, -679.4049008, -681.9835566, -11.32852334, correct
1, -762.8354726, -770.6904362, 73.62227276, correct
1, -512.5437573, -524.8296789, -9.405711962, correct
1, -163.6522754, -151.213643, 59.31693349, correct
1, -260.7351225, -273.7946812, 9.836284497, correct
1, -50.64177363, -58.33483629, -78.85899155, correct
1, -342.6487748, -358.6197442, -35.49815401, correct
1, -644.5157526, -652.5982967, -81.72848111, correct
1, -292.5904317, -301.7352635, -24.99433789, correct
1, -637.6896149, -619.6523241, -48.41053465, correct
1, -26.37106184, -16.3605195, -8.197077072, correct
1, -143.9323221, -133.027156, -4.785140982, correct
1, -211.4352392, -214.0317284, -53.46704195, correct
1, -511.0268378, -518.0035412, -88.77934214, correct
1, -643.7572929, -632.164669, -18.32497301, correct
1, -89.32322054, -72.16537611, -84.61584835, correct
1, -426.8378063, -433.5494243, -6.702098102, correct
1, -761.3185531, -771.4601982, 14.77869703, correct
1, -460.210035, -472.1948252, -9.322768395, correct
1, -583.8389732, -580.4295269, 74.8934185, correct
1, -641.4819137, -655.16355, -83.36225748, correct
1, -657.4095683, -668.9445783, -3.476305265, correct
1, -42.29871645, -38.76635024, -4.876628036, correct
1, -493.5822637, -492.5653442, -60.8300376, correct
1, -240.2567095, -239.8056423, -32.75334371, correct
1, -724.1540257, -715.5497032, -76.4561494, correct
1, -71.87864644, -67.79961805, -11.30667049, correct
1, -608.1096849, -620.8746693, -84.34106063, correct
1, -737.8063011, -742.8570595, 10.07000781, correct
1, -371.470245, -357.667404, -1.505167702, correct
1, -230.3967328, -214.9690782, 87.65676398, correct
1, -192.4737456, -194.2510046, -7.214901479, correct
1, -40.02333722, -48.83812447, -56.92861405, correct
1, -369.1948658, -356.0193818, 0.148740761, correct
1, -376.7794632, -386.2176092, 32.59250989, correct
1, -43.81563594, -32.03383344, -84.64276761, correct
1, -165.9276546, -175.5261134, -70.08171782, correct
1, -288.798133, -302.1292985, -59.95294356, correct
1, -258.4597433, -247.1380629, -37.33674892, correct
1, -262.252042, -270.2415458, 19.1626942, correct
1, -52.15869312, -54.13079584, -27.41885513, correct
1, -366.1610268, -359.3901049, 77.92479482, correct
1, -189.4399067, -188.9575247, 57.23471283, correct
1, -674.8541424, -678.2529131, 31.10117188, correct
1, -571.7036173, -562.3339309, 15.68466759, correct
1, -579.2882147, -583.5757959, -30.33827327, correct
1, -506.4760793, -509.7915867, 9.626167284, correct
1, -334.3057176, -324.9169548, -74.06884424, correct
1, -357.8179697, -370.1817279, -17.48466631, correct
1, -286.5227538, -297.2917559, -21.78992643, correct
1, -65.81096849, -69.22834828, 52.36131803, correct
1, -641.4819137, -650.0318723, -22.30776125, correct
1, -215.2275379, -214.9690782, -36.24290954, correct
1, -655.134189, -651.0803724, 17.66656435, correct
1, -765.8693116, -777.0790028, -79.01984949, correct
1, -329.7549592, -339.8006312, -47.30814954, correct
1, -137.1061844, -126.9095787, -49.96515653, correct
1, -324.445741, -338.6707807, 65.61673828, correct
1, -2.858809802, 1.691948658, -84.63002569, correct
1, -177.3045508, -192.7322054, 47.55629997, correct
1, -228.1213536, -239.0079594, -75.48601589, correct
1, -646.7911319, -655.8926488, -10.11533021, correct
1, -580.0466744, -586.4085738, 41.17438153, correct
1, -5.134189032, -13.88215256, -76.36821858, correct
1, -521.6452742, -511.6195546, -4.449127756, correct
1, -331.2718786, -324.279998, -8.722383755, correct
1, -407.8763127, -406.8592581, -43.56953004, correct
1, -516.336056, -529.3804373, 3.880976126, correct
1, -683.9556593, -683.6689296, -1.345413278, correct
1, -695.3325554, -689.0033596, -79.88795653, correct
1, -303.2088681, -310.5250278, 61.34011785, correct
1, -409.3932322, -416.9894544, 57.14737519, correct
1, -82.49708285, -89.47378622, -6.819629478, correct
1, -89.32322054, -76.38609009, 3.236317388, correct
1, -566.3943991, -576.2976905, -47.70269013, correct
1, -348.7164527, -339.8006312, 65.93859682, correct
1, -124.9708285, -110.8473392, 60.13840712, correct
1, -198.5414236, -210.2050494, -3.064317374, correct
1, -371.470245, -360.701243, 10.75008299, correct
1, -650.5834306, -646.5326721, 84.89328691, correct
1, -227.3628938, -226.5492183, 80.05459218, correct
1, -776.487748, -787.9079589, -32.25533153, correct
1, -78.70478413, -76.59660982, 47.53320098, correct
1, -300.1750292, -314.73633, -33.46871921, correct
1, -702.1586931, -712.7338147, 9.56420811, correct
1, -350.2333722, -340.8733956, -63.34777733, correct
1, -717.327888, -710.2150206, -56.35188452, correct
1, -624.0373396, -640.4393358, 4.323428145, correct
1, -341.1318553, -337.5980163, -31.21102739, correct
1, -72.63710618, -59.02814561, 12.84376735, correct
1, 18.37806301, 4.98612708, -68.01916767, correct
1, -410.1516919, -419.6766539, -33.34280226, correct
1, -58.22637106, -70.64339537, 11.87456297, correct
1, -141.6569428, -154.5940733, 12.19244026, correct
1, -585.3558926, -597.5345633, 6.886364862, correct
1, -79.46324387, -70.84944746, -78.91140474, correct
1, -370.7117853, -386.2159949, -68.96963899, correct
1, -583.0805134, -585.9486094, 77.35839156, correct
1, -40.02333722, -48.84318573, -62.98935466, correct
1, -335.8226371, -323.8941827, -68.54787302, correct
1, -351.7502917, -339.4292405, 80.32487846, correct
1, -307.7596266, -305.4842474, 66.54793917, correct
1, -222.8121354, -239.0270358, -81.09942589, correct
1, -103.7339557, -91.64191457, -9.636591697, correct
1, -389.6732789, -387.2397858, 79.53754637, correct
1, -134.8308051, -121.5320831, 58.54543554, correct
1, -7.409568261, -1.060221904, -8.080412834, correct
1, -1.341890315, -16.25228285, 37.27116392, correct
1, -168.2030338, -182.8954374, -4.237314642, correct
1, 111.6686114, 122.6703081, -44.43138563, correct
1, -403.3255543, -396.3848969, 11.34407035, correct
1, -495.0991832, -492.5421356, -5.9640886, correct
1, -90.08168028, -79.16244165, 30.89445284, correct
1, -339.6149358, -351.5845487, -30.6756466, correct
1, -692.2987165, -691.0871651, 76.68915263, correct
1, -285.764294, -284.5341042, 11.38429994, correct
1, -721.1201867, -712.5148087, 70.34107387, correct
1, -485.9976663, -471.7938326, 49.4701349, correct
1, -668.0280047, -674.6472409, -59.72183288, correct
1, -362.3687281, -362.0550519, -8.833429357, correct
1, -391.1901984, -386.3361634, -47.3527166, correct
1, -350.2333722, -362.1099258, 76.73972027, correct
1, -364.6441074, -371.9699025, -78.74331366, correct
1, -337.3395566, -338.6707807, 46.62290876, correct
1, -70.36172695, -68.58214793, 2.931103899, correct
1, -184.1306884, -184.6024185, 52.39671871, correct
1, -661.201867, -655.4284104, -36.63662729, correct
1, -566.3943991, -570.2847559, 88.32154585, correct
1, -380.571762, -370.1817279, 79.21085798, correct
1, -76.4294049, -69.13153714, 22.90948128, correct
1, -198.5414236, -189.2741637, -4.140038016, correct
1, -626.3127188, -641.5081931, 60.81496417, correct
1, -291.0735123, -291.831972, 59.51372457, correct
1, -186.4060677, -187.6362575, 5.94925347, correct
1, -1.341890315, 10.75015077, -48.98791561, correct
1, -189.4399067, -193.518935, -50.54278941, correct
1, -55.95099183, -54.1756126, -16.21561104, correct
1, -655.8926488, -669.5449242, -79.45727709, correct
1, -206.126021, -213.8763614, 4.742149696, correct
1, -697.6079347, -697.1362046, -37.75580181, correct
1, -143.1738623, -149.5232087, 18.80952367, correct
1, 10.79346558, 1.691948658, -12.55947644, correct
1, -767.386231, -783.5296134, 77.1890715, correct
1, -453.3838973, -444.1166374, -14.11200439, correct
1, -328.2380397, -339.0421714, -78.038925, correct
1, -722.6371062, -717.0675485, -74.2598065, correct
1, -273.6289382, -275.4325873, 20.32052128, correct
1, -209.9183197, -225.3949072, -11.5359758, correct
1, -284.2473746, -297.9548657, -21.81795528, correct
1, -244.8074679, -258.9566852, 47.55751923, correct
1, -582.3220537, -583.5805134, -77.60759908, correct
1, -338.0980163, -339.0421714, 21.43215422, correct
1, -341.8903151, -339.0421714, -74.14532958, correct
1, -713.5355893, -726.6578072, -24.67216071, correct
1, -492.823804, -485.9543515, 18.46247917, correct
1, -730.9801634, -744.577223, -83.58329047, correct
1, -236.4644107, -226.6044341, -0.53265738, correct
1, -158.3430572, -168.0372908, -4.658572715, correct
1, -565.6359393, -573.3711024, 7.592299419, correct
1, -300.1750292, -298.1813184, -4.051775948, correct
1, -696.8494749, -697.1362046, -9.267837244, correct
1, -199.2998833, -183.5862719, 1.973850438, correct
1, -81.7386231, -80.88210529, -45.49351137, correct
1, -504.9591599, -511.3803912, 80.81812901, correct
1, -633.8973162, -644.5157526, 15.44703399, correct
1, -615.6942824, -611.4377453, -29.25252084, correct
1, -328.9964994, -337.5980163, 82.54926844, correct
1, -616.4527421, -626.4784618, 5.57777475, correct
1, -151.5169195, -161.6372356, -3.197048965, correct
1, -197.7829638, -202.620452, 10.23645318, correct
1, 3.967327888, 18.41958575, -58.22108005, correct
1, -475.3792299, -471.7938326, -72.39493994, correct
1, -669.5449242, -673.6012144, -75.92474092, correct
1, -642.2403734, -635.26367, 2.778270058, correct
1, -266.8028005, -254.7759098, -16.43110623, correct
1, -211.4352392, -222.9366559, -43.13888899, correct
1, -225.0875146, -225.6390729, -65.27754409, correct
1, -582.3220537, -582.507749, -49.15929509, correct
1, -461.7269545, -453.3945332, 27.19503556, correct
1, -667.2695449, -657.0046619, 0.292718409, correct
1, -251.6336056, -257.8593974, -66.7766334, correct
1, -508.7514586, -505.3127133, 50.37031773, correct
1, -713.5355893, -714.6476024, -0.444698914, correct
1, -623.2788798, -612.4019837, -34.59804325, correct
1, -556.5344224, -553.218915, 3.956379081, correct
1, -288.798133, -270.9783594, -71.76204576, correct
1, -255.4259043, -245.8870376, -26.78132673, correct
1, -209.9183197, -213.0073745, -52.00523174, correct
1, 13.06884481, 16.50759013, -36.23192036, correct
1, -384.3640607, -394.2503168, -20.87674775, correct
1, -781.7969662, -788.1463125, 8.497494137, correct
1, -387.3978996, -397.408442, -10.22343174, correct
1, -495.0991832, -489.2930231, 68.05794535, correct
1, -691.5402567, -693.4507042, 32.70411847, correct
1, -605.075846, -605.9380578, 85.5582163, correct
1, -71.87864644, -83.40610827, 16.58218036, correct
1, -456.4177363, -453.0971676, -1.098425982, correct
1, -662.7187865, -673.1714799, -53.14350462, correct
1, -173.512252, -175.4843548, 33.58810773, correct
1, -310.7934656, -324.9169548, -65.17090244, correct
1, -328.2380397, -339.4292405, 18.87718116, correct
1, -157.5845974, -148.6488235, -2.729064474, correct
1, -136.3477246, -128.7631272, -12.41704288, correct
1, -636.9311552, -646.1832378, -8.26338579, correct
1, -109.0431739, -124.4996146, -46.55536152, correct
1, -649.0665111, -646.532559, -82.18528794, correct
1, -188.6814469, -189.4515314, 51.66575877, correct
1, -416.9778296, -427.1784133, 71.16184703, correct
1, -674.8541424, -689.0033596, -16.24909821, correct
1, -8.168028005, -1.840010609, 14.224722, correct
1, -199.2998833, -209.325603, 19.08004964, correct
1, -572.462077, -576.8547216, -23.4431992, correct
1, -480.6884481, -489.955708, 2.561477604, correct
1, -162.8938156, -151.2584597, 56.97541018, correct
1, -605.075846, -611.1435239, 74.71313035, correct
1, -443.5239207, -435.7735802, 5.790783071, correct
1, -82.49708285, -93.61246112, -53.49538918, correct
1, -150.7584597, -144.647467, -1.035939578, correct
1, -493.5822637, -489.3347818, 46.30853891, correct
1, -459.4515753, -472.8005741, -41.3670257, correct
1, -241.7736289, -239.0079594, -37.22524178, correct
1, -236.4644107, -225.5293554, -50.39792333, correct
1, -480.6884481, -492.8671188, -6.72164468, correct
1, -289.5565928, -301.30497, -85.83006705, correct
1, -614.9358226, -610.8493025, 40.84453635, correct
1, -351.7502917, -367.1936999, 28.81886164, correct
1, -727.1878646, -714.0073193, -58.46222612, correct
1, -389.6732789, -375.2741685, -73.38069842, correct
1, -711.26021, -710.7834187, -2.8468116, correct
1, -420.0116686, -405.4152382, -73.24342345, correct
1, -605.8343057, -612.366222, 19.46578263, correct
1, -735.5309218, -718.5862243, -17.66136432, correct
1, -291.831972, -309.5798226, 61.53290026, correct
1, -388.9148191, -387.6748774, -11.32880625, correct
1, -435.1808635, -447.0289735, -48.80776799, correct
1, -269.8366394, -273.9156678, 5.580271389, correct
1, -322.1703617, -333.6978236, 19.08946562, correct
1, -676.3710618, -680.6164521, -79.06313547, correct
1, -639.2065344, -632.2222828, -23.81955802, correct
1, -256.1843641, -243.7905484, 26.44084972, correct
1, -426.0793466, -439.8157702, -86.01163006, correct
1, -214.4690782, -213.2388884, -8.981580043, correct
1, -645.2742124, -659.223409, -86.03577032, correct
1, -294.865811, -305.3336817, -25.78854315, correct
1, -583.8389732, -585.9074509, 35.52164063, correct
1, -448.8331389, -440.6558247, 19.82021228, correct
1, -648.3080513, -646.4556752, -3.877835356, correct
1, -661.9603267, -672.8604315, 15.97944427, correct
1, -330.5134189, -337.5980163, 36.59164739, correct
1, -661.9603267, -671.9265182, 83.7911619, correct
1, -655.134189, -642.5244915, 55.20083706, correct
1, -720.361727, -719.4360623, -74.51946729, correct
1, -766.6277713, -779.8088328, -28.35719044, correct
1, -658.168028, -673.8887811, 59.42897155, correct
1, -458.6931155, -460.8622799, -89.5278458, correct
1, -267.5612602, -266.5160708, 24.1626668, correct
1, -676.3710618, -661.201867, -84.21098014, correct
1, -431.3885648, -444.9975253, 0.380349431, correct
1, -64.29404901, -54.15240393, 2.102813719, correct
1, -664.9941657, -668.9445783, 65.91223901, correct
1, -667.2695449, -657.8812983, -23.78013759, correct
1, -228.8798133, -214.9690782, 82.09302063, correct
1, -185.6476079, -172.4670626, -6.121434583, correct
1, -653.6172695, -671.6447417, -80.70635902, correct
1, -665.7526254, -647.2911319, -52.75623137, correct
1, -89.32322054, -72.16537611, -68.82945346, correct
1, -678.6464411, -685.4725788, 8.202929387, correct
1, -672.5787631, -681.9835566, -45.68267094, correct
1, -328.9964994, -337.5980163, 34.88033317, correct
1, -197.7829638, -204.1323102, 1.510919014, correct
1, -611.9019837, -610.9578286, -19.26117631, correct
1, -285.764294, -287.7363968, -34.72446479, correct
1, -669.5449242, -674.6472409, -80.77926573, correct
1, -699.1248541, -698.6531241, 8.776917176, correct
1, -332.7887981, -338.6707807, 69.80339929, correct
1, -451.1085181, -451.6029863, -35.59961734, correct
1, -443.5239207, -449.5915986, 44.24706201, correct
1, -725.6709452, -727.1546051, 35.80166568, correct
1, -652.1003501, -646.3862255, -27.48966556, correct
1, -175.0291715, -181.7307887, -26.66131693, correct
1, -387.3978996, -397.5731726, -44.67303072, incorrect
1, -630.8634772, -625.2600376, 12.25192245, incorrect
1, -310.0350058, -309.5368855, -15.73134158, incorrect
1, -428.3547258, -417.0071906, -41.4594046, incorrect
1, -417.7362894, -424.2591506, 68.41831144, incorrect
1, -680.1633606, -683.9004435, -36.82407719, incorrect
1, -794.6907818, -783.2076708, -89.7962696, incorrect
1, -388.9148191, -396.2373952, -46.19320101, incorrect
1, -267.5612602, -252.7969717, -46.28180496, incorrect
1, -676.3710618, -681.9835566, 5.230893848, incorrect
1, -674.8541424, -684.7574338, -78.90452095, incorrect
1, -121.9369895, -118.3028047, 46.02702325, incorrect
1, -416.9778296, -404.0436061, -88.34259923, incorrect
1, -460.210035, -470.8836872, 25.36361175, incorrect
1, -610.3850642, -618.2505893, 69.11960597, incorrect
1, -363.8856476, -362.3254133, -44.98247479, incorrect
1, -668.7864644, -673.9299396, 64.22172079, incorrect
1, -408.6347725, -415.0057269, 52.82101693, incorrect
1, -187.1645274, -184.6079284, 27.64534705, incorrect
1, -693.8156359, -688.0064177, -38.64464678, incorrect
1, -602.042007, -588.1056135, 44.67014374, incorrect
1, -401.050175, -392.7309004, 6.588415649, incorrect
1, -385.8809802, -376.227905, -53.32958693, incorrect
1, -607.3512252, -613.9345414, 78.20888893, incorrect
1, -637.6896149, -648.0213217, -76.38919814, incorrect
1, -215.9859977, -213.5183107, 29.69898238, incorrect
1, -380.571762, -386.3152067, -15.24239276, incorrect
1, -390.4317386, -376.227905, 84.08408787, incorrect
1, -14.23570595, -23.61889128, -7.421847776, incorrect
1, -80.22170362, -70.85838064, -82.27074636, incorrect
1, -220.5367561, -232.8476737, 5.592072468, incorrect
1, -428.3547258, -417.4747715, 88.96989386, incorrect
1, -659.6849475, -668.7864644, 88.55800486, incorrect
1, -652.1003501, -650.4853725, 18.97081461, incorrect
1, -502.6837806, -507.6294923, 82.94608964, incorrect
1, -504.9591599, -507.6294923, 72.44074331, incorrect
1, -181.8553092, -189.8817475, 59.32270399, incorrect
1, -437.4562427, -436.3969807, 10.20381513, incorrect
1, -377.537923, -364.6557321, -39.5957051, incorrect
1, -168.2030338, -175.4843548, -79.67871552, incorrect
1, -523.1621937, -530.8973568, -2.410990753, incorrect
1, -581.5635939, -581.3778986, -48.9322175, incorrect
1, -767.386231, -776.0659172, -57.69213911, incorrect
1, -679.4049008, -667.877439, 11.93471222, incorrect
1, -570.1866978, -565.0355935, 75.44831554, incorrect
1, -482.2053676, -489.2930231, 71.12338907, incorrect
1, -3.617269545, -17.98468986, 87.92045563, incorrect
1, -78.70478413, -70.83345702, 38.77033666, incorrect
1, -74.15402567, -75.24750016, 35.68117192, incorrect
1, -705.9509918, -714.3373638, 20.1997731, incorrect
1, -530.7467911, -518.7176501, 82.28095418, incorrect
1, -350.2333722, -345.4009454, 0.501726673, incorrect
1, -479.1715286, -491.1487706, -78.37537267, incorrect
1, -602.8004667, -611.7162883, 32.95459643, incorrect
1, -2.858809802, -16.12410653, 51.6604593, incorrect
1, -598.2497083, -607.8064084, -5.733351413, incorrect
1, -441.2485414, -447.0289735, -33.36159793, incorrect
1, -30.16336056, -16.25228285, -76.03250643, incorrect
1, -649.8249708, -649.8249708, -16.79884269, incorrect
1, -42.29871645, -44.89071458, -17.29030285, incorrect
1, -590.6651109, -580.3081923, -13.78656318, incorrect
1, -423.8039673, -428.0706077, 63.12405688, incorrect
1, -131.0385064, -143.4420317, 50.01632834, incorrect
1, -437.4562427, -436.8558968, 8.706264549, incorrect
1, -712.0186698, -706.4227219, 0.678982352, incorrect
1, -323.6872812, -336.4153539, 9.197112453, incorrect
1, -285.764294, -301.4331463, 72.94621396, incorrect
1, -679.4049008, -667.877439, 5.338188926, incorrect
1, -55.95099183, -45.07221598, 1.946403362, incorrect
1, -409.3932322, -402.4089806, -10.00219012, incorrect
1, -602.042007, -611.1435239, -34.99205882, incorrect
1, -402.5670945, -392.8155831, 83.39259276, incorrect
1, -70.36172695, -77.49445547, -3.414619081, incorrect
1, -614.1773629, -625.554259, -10.75569764, incorrect
1, -278.9381564, -293.5244532, 72.44394038, incorrect
1, -668.0280047, -674.6170924, -65.07068119, incorrect
1, -275.9043174, -291.6179288, 2.959156987, incorrect
1, -649.8249708, -644.2200708, -59.86475107, incorrect
1, 138.9731622, 123.5436279, -83.26796739, incorrect
1, -613.4189032, -612.366222, 86.44706674, incorrect
1, -420.7701284, -421.7931664, -71.87893695, incorrect
1, -291.831972, -279.8623591, 11.79645298, incorrect
1, -294.1073512, -291.831972, 58.3294824, incorrect
1, -618.7281214, -632.2222828, -88.11219215, incorrect
1, -732.4970828, -742.8570595, -85.87112886, incorrect
1, -589.1481914, -576.8622698, 1.791249959, incorrect
1, -435.1808635, -447.0444682, 89.50469434, incorrect
1, 42.6487748, 28.84593373, -6.909999316, incorrect
1, 132.9054842, 134.1191272, -38.0943716, incorrect
1, -490.5484247, -479.7794226, 84.25180623, incorrect
1, 124.5624271, 132.450301, 44.93965873, incorrect
1, -87.80630105, -73.6822956, -89.17732897, incorrect
1, -396.4994166, -400.5733837, 8.328715833, incorrect
1, -701.4002334, -701.686963, 12.65630709, incorrect
1, -624.7957993, -634.3973162, 2.59143234, incorrect
1, -527.7129522, -535.7527328, 41.80013865, incorrect
1, -691.5402567, -691.0441178, -28.36239005, incorrect
1, -534.5390898, -538.7995532, 58.61841086, incorrect
1, -703.6756126, -691.0685266, -84.95810027, incorrect
1, -598.2497083, -590.9311788, 19.91295367, incorrect
1, -698.3663944, -698.654666, 80.13026792, incorrect
1, -235.705951, -247.8534984, -65.04673934, incorrect
1, -130.2800467, -121.5320831, 58.56432776, incorrect
1, -563.3605601, -560.8267211, 74.57699034, incorrect
1, -172.7537923, -169.7819707, -47.2260379, incorrect
1, -92.35705951, -96.90781797, 4.950624982, incorrect
1, -358.5764294, -339.0421714, 82.79482574, incorrect
1, -409.3932322, -411.9270712, 12.23072572, incorrect
1, -698.3663944, -703.2038825, 60.72079476, incorrect
1, -395.7409568, -398.2980045, 0.898533552, incorrect
1, -113.5939323, -124.4805381, 56.15374289, incorrect
1, -230.3967328, -221.5021173, -42.99661275, incorrect
1, -479.1715286, -484.0039555, -8.89375981, incorrect
1, -227.3628938, -239.0270358, -89.12537346, incorrect
1, -10.44340723, -14.86964517, 72.66256737, incorrect
1, -672.5787631, -676.6527303, -4.575137255, incorrect
1, -96.14935823, -107.172701, 29.0520104, incorrect
1, -95.39089848, -108.3399299, 74.34674001, incorrect
1, -696.8494749, -688.2440969, -79.51989075, incorrect
1, -313.8273046, -301.3086884, -51.51198443, incorrect
1, -15.75262544, -7.127899851, -9.819704704, incorrect
1, -166.6861144, -153.7489839, -86.3820589, incorrect
1, -618.7281214, -630.2707605, 11.05597375, incorrect
1, -572.462077, -575.8494694, -67.63780982, incorrect
1, -239.4982497, -248.0482084, -44.22366764, incorrect
1, -624.0373396, -635.6187637, -89.45979707, incorrect
1, -410.9101517, -398.3959644, 23.07572763, incorrect
1, -393.4655776, -382.5654728, 6.431161794, incorrect
1, -737.0478413, -730.8295977, 15.80311828, incorrect
1, -103.7339557, -96.59799583, 4.300623413, incorrect
1, -310.7934656, -302.9485287, -2.803693671, incorrect
1, -398.0163361, -399.7917153, -53.5311916, incorrect
1, -244.8074679, -243.1820832, -74.74445446, incorrect
1, -325.9626604, -324.9169548, 16.63798086, incorrect
1, -593.6989498, -593.3453964, -29.96975794, incorrect
1, -605.8343057, -612.366222, -31.33467756, incorrect
1, -579.2882147, -593.1918003, -33.66596438, incorrect
1, -336.5810968, -339.0421714, -22.15699398, incorrect
1, -655.134189, -667.2695449, 74.84634228, incorrect
1, -407.8763127, -398.4875499, -81.70293138, incorrect
1, -649.0665111, -663.8605064, -37.1083262, incorrect
1, -577.7712952, -580.3384614, 50.6592163, incorrect
1, -708.2263711, -702.6558876, 75.97881864, incorrect
1, 3.967327888, 10.29346558, 5.145210821, incorrect
1, -739.3232205, -733.0799809, -42.9657702, incorrect
1, -615.6942824, -611.1435239, 49.28567792, incorrect
1, -375.2625438, -367.5198324, -68.3735369, incorrect
1, -397.2578763, -410.4120314, 11.71303996, incorrect
1, -693.8156359, -694.2924273, -6.878600014, incorrect
1, -191.7152859, -192.0363958, 39.39344363, incorrect
1, -71.1201867, -61.05330856, 9.658910403, incorrect
1, -549.7082847, -540.1386032, 69.16083485, incorrect
1, -57.46791132, -50.90228677, 71.51094132, incorrect
1, -338.8564761, -340.8733956, -31.33709393, incorrect
1, -737.0478413, -745.378707, 45.61865171, incorrect
1, -289.5565928, -270.9783594, -65.40676738, incorrect
1, -11.20186698, 0.325594856, 0.514855608, incorrect
1, -394.2240373, -406.8592581, 64.04916249, incorrect
1, -391.1901984, -396.0945102, -75.3157731, incorrect
1, -655.8926488, -646.5255403, -81.52908207, incorrect
1, -292.5904317, -307.1669099, 8.815046544, incorrect
1, -392.7071179, -392.4467784, -41.21297935, incorrect
1, -792.4154026, -776.5497653, 74.6980258, incorrect
1, -617.2112019, -625.8484804, 28.57574643, incorrect
1, -580.8051342, -584.2941564, -10.27220249, incorrect
1, -470.0700117, -469.8096722, -9.97945509, incorrect
1, -645.2742124, -654.6598474, -60.87276482, incorrect
1, -129.5215869, -140.290589, 16.21415702, incorrect
1, 69.19486581, 79.64755922, 35.49702708, incorrect
1, -465.5192532, -447.0289735, -56.33204891, incorrect
1, -740.0816803, -732.7655206, 6.942515141, incorrect
1, -399.5332555, -404.3656824, 14.12476923, incorrect
1, -24.09568261, -14.71249728, 8.616959081, incorrect
1, -611.9019837, -602.8004667, 58.59150811, incorrect
1, -674.8541424, -677.41119, -15.62853253, incorrect
1, -533.0221704, -535.5560093, -36.67156444, incorrect
1, -328.2380397, -338.6707807, 53.59555736, incorrect
1, -420.0116686, -410.8668369, -2.945484205, incorrect
1, -162.1353559, -175.4843548, -86.46276944, incorrect
1, -677.8879813, -676.0702596, -73.90118598, incorrect
1, -701.4002334, -702.5236249, -77.13645292, incorrect
1, 136.697783, 122.0285881, 68.29636595, incorrect
1, -164.4107351, -154.5940733, -44.77659079, incorrect
1, -678.6464411, -663.4772462, 83.6633398, incorrect
1, -655.134189, -666.9907679, 78.10580784, incorrect
1, -736.2893816, -721.2859297, -2.488640632, incorrect
1, -581.5635939, -585.8459146, 40.57188359, incorrect
1, -741.5985998, -754.9893573, -61.30554657, incorrect
1, -718.8448075, -712.5185566, -22.98732281, incorrect
1, -670.3033839, -656.0583918, -67.41400021, incorrect
1, -314.5857643, -326.1284034, 6.431401918, incorrect
1, -602.8004667, -610.8493025, 15.0924638, incorrect
1, -602.8004667, -589.5196725, -60.2430869, incorrect
1, -62.77712952, -72.68042099, 10.12643365, incorrect
1, -410.1516919, -396.0945102, 74.70301456, incorrect
1, -408.6347725, -419.6766539, -54.84599708, incorrect
1, -44.57409568, -42.77550779, -8.945419453, incorrect
1, -592.9404901, -599.4452467, -29.84896301, incorrect
1, -655.134189, -647.1446852, 59.35175434, incorrect
1, 17.61960327, 18.51287797, 20.66220366, incorrect