107	499	500	501	502	503	504	505	506	507	508	509	510	511	512	513	514	515	516	517	518	519	498	497	496	484	475	476	
477	478	479	480	481	482	483	485	495	486	487	488	489	490	491	492	493	494	520	521	522	523	549	550	551	552	553	554	
555	556	557	558	559	560	561	562	563	564	565	566	567	568	569	548	570	547	545	524	525	526	527	528	529	530	531	532	
533	534	535	536	537	538	539	540	541	542	543	544	474	473	472	423	401	402	403	404	405	406	407	408	409	410	411	412	
413	414	415	416	417	418	419	420	421	400	399	398	386	377	378	379	380	381	382	383	384	385	387	397	388	389	390	391	
392	393	394	395	396	422	424	471	425	450	451	452	453	454	455	456	457	458	459	460	716	25	30	461	462	463	464	465	
466	467	468	469	35	707	470	449	448	447	435	426	427	428	429	430	431	432	433	434	731	0	36	436	446	437	438	439	
440	441	442	444	33	738	445	546	571	578	573	680	686	693	703	652	653	657	658	37	15	744	712	665	670	671	672	674	
675	656	694	673	736	24	650	668	667	666	664	663	662	661	660	659	678	655	654	715	7	762	651	676	677	690	679	696	
698	699	701	702	6	5	695	700	697	692	691	689	688	687	685	684	683	682	681	750	781	758	669	648	638	593	594	595	
596	597	598	29	733	10	599	600	601	602	603	604	605	606	607	592	608	591	589	27	1	23	574	575	576	577	649	579	
580	581	582	12	706	737	583	584	585	586	587	588	590	609	610	611	631	632	31	752	4	28	633	634	635	636	637	639	
647	640	641	18	705	21	642	643	644	645	646	630	629	628	627	612	613	614	714	722	717	711	615	616	617	618	619	620	
621	622	623	38	755	710	624	625	626	376	443	374	192	130	131	721	26	741	725	779	747	132	133	134	135	136	137	375	
139	140	141	735	768	746	142	143	144	730	708	767	766	753	739	727	775	748	772	774	32	145	146	129	147	128	126	109	
110	111	112	776	783	732	34	754	782	765	770	769	16	751	764	713	726	39	9	759	113	114	115	116	117	118	119	120	
121	122	123	124	756	773	763	778	704	760	749	724	125	127	149	169	150	723	720	3	172	173	174	175	176	177	178	179	
180	181	182	183	184	185	186	187	188	171	189	170	168	151	152	153	154	22	17	8	155	156	157	158	190	159	160	161	
162	163	164	165	166	167	108	148	106	92	43	47	48	50	51	52	53	2	14	718	54	55	57	58	62	40	61	60	
59	56	49	46	45	44	42	41	63	95	65	87	88	89	90	91	64	745	13	709	93	94	96	105	97	98	99	100	
101	102	103	104	86	85	84	83	66	67	68	69	70	71	72	73	74	734	757	729	75	76	77	78	79	80	81	82	
282	191	308	309	310	311	312	313	314	315	316	317	318	319	320	321	322	777	728	719	323	324	325	326	307	327	306	304	
285	286	287	288	289	290	291	292	293	294	295	296	297	298	299	300	301	11	780	742	302	303	305	329	351	330	354	355	
356	357	358	359	360	361	362	363	364	365	366	367	368	369	370	371	372	20	771	743	353	373	352	350	331	332	333	334	
335	336	337	338	339	340	341	342	343	344	345	346	347	348	349	284	328	19	761	740	283	236	216	217	218	219	220	221	
222	223	224	225	226	227	228	229	230	231	232	233	234	215	235	214	212	193	194	195	196	197	198	199	200	201	202	203	
204	205	206	207	208	209	210	211	213	237	259	238	262	263	264	265	266	267	268	269	270	271	272	273	274	275	276	277	
278	279	280	261	281	260	258	239	240	241	242	243	244	245	246	247	248	249	250	251	252	253	254	255	256	257	138	572	
