213	501	502	503	504	505	506	507	508	510	519	511	512	513	514	515	516	517	518	500	509	499	487	479	480	481	482	483	
484	485	486	488	497	489	490	491	492	493	494	495	496	498	521	542	522	545	546	547	548	549	550	551	552	554	563	555	
556	557	558	559	560	561	562	544	553	543	531	523	524	525	526	527	528	529	530	532	541	533	534	535	536	537	538	539	
540	478	520	477	432	413	414	415	416	417	418	419	420	422	431	423	424	425	426	427	428	429	430	412	421	411	399	391	
392	393	394	395	396	397	398	400	409	401	402	403	404	405	406	407	408	410	433	454	434	457	458	459	460	461	462	463	
464	466	475	467	468	469	470	471	472	473	474	456	697	75	72	705	57	725	733	66	777	15	780	59	465	455	443	435	
436	437	438	439	440	441	442	444	65	46	20	29	738	23	40	27	2	757	22	755	768	752	760	753	445	446	447	448	
449	450	451	452	476	564	590	51	716	43	761	52	12	4	77	746	54	35	740	729	42	718	721	668	664	665	650	648	
647	643	641	669	671	690	691	64	7	45	11	9	763	0	8	21	737	18	678	672	688	673	674	675	677	679	683	684	
685	636	639	634	599	586	588	589	74	26	727	706	6	748	70	593	48	32	594	583	581	580	579	578	577	576	575	574	
573	572	571	570	569	568	567	566	600	711	699	766	783	747	622	623	624	626	633	627	628	629	630	631	632	618	617	616	
615	614	613	612	611	610	609	606	605	604	603	731	776	764	78	689	585	602	607	608	621	620	619	601	625	582	597	596	
595	592	598	591	587	635	584	682	681	680	686	717	743	782	749	676	687	696	695	694	693	692	660	637	638	670	640	642	
644	645	646	649	651	652	653	667	666	663	662	661	735	36	726	741	55	698	659	658	657	656	655	654	390	453	388	389	
117	116	115	113	118	111	105	121	134	132	131	130	136	53	765	770	24	71	62	127	126	125	102	123	103	119	79	81	
82	100	88	85	84	80	137	193	139	138	187	184	183	181	719	1	13	16	25	73	180	203	202	201	200	157	190	101	
158	159	160	161	162	163	164	165	166	167	168	169	170	171	172	713	50	771	767	76	156	155	146	140	141	142	143	144	
145	147	154	148	149	150	151	152	153	173	174	175	176	196	197	198	199	33	60	68	715	212	204	205	206	207	208	209	
210	195	211	194	192	177	178	179	182	185	186	188	189	191	49	722	34	724	739	28	700	124	86	87	93	95	96	97	
89	99	98	94	92	91	90	83	122	129	133	135	63	56	41	769	708	702	759	762	128	120	110	104	106	107	108	109	
112	114	300	214	325	326	327	328	329	330	720	44	750	5	58	39	754	773	703	332	334	343	335	336	337	338	339	340	
341	342	324	333	323	311	303	304	710	745	37	781	734	778	774	775	30	701	305	306	307	308	309	310	312	321	313	314	
315	316	317	318	319	320	69	728	3	38	736	751	779	744	47	712	322	345	366	346	369	370	371	372	373	374	375	376	
378	387	379	380	707	758	17	14	742	756	772	31	732	704	381	382	383	384	385	386	368	377	367	355	347	348	349	350	
351	352	353	354	67	61	10	19	723	730	714	709	356	365	357	358	359	360	361	362	363	364	302	344	301	256	237	238	
239	240	241	242	243	244	246	255	247	248	249	250	251	252	253	254	236	245	235	223	215	216	217	218	219	220	221	222	
224	233	225	226	227	228	229	230	231	232	234	257	278	258	281	282	283	284	285	286	287	288	290	299	291	292	293	294	
295	296	297	298	280	289	279	267	259	260	261	262	263	264	265	266	268	277	269	270	271	272	273	274	275	276	331	565	
