82	505	506	507	508	509	510	511	512	513	515	525	516	517	518	519	520	521	522	523	524	504	503	502	501	482	483	484	
485	486	487	488	489	490	491	492	493	494	495	496	497	498	499	500	514	526	527	528	553	554	555	556	557	558	559	560	
561	563	573	564	565	566	567	568	569	570	571	572	552	562	551	538	529	530	531	532	533	534	535	536	537	539	549	540	
541	542	543	544	545	546	547	548	481	480	479	432	411	412	413	414	415	416	417	418	419	421	431	422	423	424	425	426	
427	428	429	430	410	409	408	407	388	389	390	391	392	393	394	395	396	397	398	399	400	401	402	403	404	405	406	420	
433	467	434	458	459	460	461	462	463	464	465	466	468	478	469	470	471	472	473	474	475	476	477	457	456	455	454	435	
436	437	438	439	440	441	442	443	444	445	575	447	448	449	450	451	452	453	550	574	608	576	679	680	681	682	683	684	
685	686	687	688	691	675	677	653	654	655	656	657	734	765	771	779	782	748	750	756	738	658	659	660	661	662	663	664	
665	666	667	668	669	703	652	674	673	672	671	742	767	761	781	768	774	718	775	777	762	676	690	678	694	695	696	697	
698	700	701	702	693	699	692	689	670	710	732	776	755	764	55	712	706	749	739	12	27	649	630	595	596	597	598	599	
600	601	602	603	604	605	606	607	650	753	752	735	737	50	609	594	726	1	52	16	713	593	592	583	577	578	579	580	
581	582	584	591	585	586	587	588	715	34	766	754	717	589	590	610	45	736	740	58	611	612	613	633	634	635	636	637	
638	639	640	641	642	643	644	730	759	38	31	60	645	646	705	709	733	59	716	647	632	648	631	629	614	615	616	617	
618	619	620	621	622	623	49	33	17	22	624	625	626	723	758	19	20	35	711	627	628	387	446	385	318	142	143	386	
145	146	147	148	149	150	51	18	743	54	725	46	26	10	757	744	13	728	151	152	153	154	155	156	141	157	140	138	
123	124	125	126	127	128	704	24	741	37	61	30	29	7	8	751	36	129	130	131	132	133	134	135	136	137	139	159	
177	160	180	181	182	183	184	56	32	25	772	28	707	708	4	5	23	185	186	187	188	189	190	191	192	193	194	179	
195	178	176	121	162	163	164	165	166	167	168	169	170	57	3	763	43	171	172	173	174	175	122	158	120	112	64	65	
66	70	62	80	78	69	68	67	79	71	72	75	77	41	2	9	47	76	74	73	63	81	110	83	103	104	105	106	
107	108	109	111	119	113	114	115	116	117	118	102	101	100	6	0	53	99	84	85	86	87	88	89	90	91	92	93	
94	95	96	97	98	161	196	361	198	316	317	197	319	44	11	42	48	320	321	322	323	324	326	336	327	328	329	330	
331	332	333	334	335	315	314	313	312	293	294	295	296	40	15	21	719	297	298	299	300	301	302	303	304	305	306	307	
308	309	310	311	325	337	338	339	364	365	366	367	368	39	769	14	721	369	370	371	372	374	384	375	376	377	378	379	
380	381	382	383	363	373	362	349	340	341	342	343	344	345	747	746	729	346	347	348	350	360	351	352	353	354	355	356	
357	358	359	292	291	290	243	222	223	224	225	226	227	228	720	773	727	714	229	230	232	242	233	234	235	236	237	238	
239	240	241	221	220	219	218	199	200	201	202	203	204	205	724	760	780	770	722	206	207	208	209	210	211	212	213	214	
215	216	217	231	244	278	245	269	270	271	272	273	274	275	276	731	778	783	745	277	279	289	280	281	282	283	284	285	
286	287	288	268	267	266	265	246	247	248	249	250	251	252	253	254	255	256	257	258	259	260	261	262	263	264	144	651	
