201	510	511	512	513	514	515	516	517	518	520	530	521	522	523	524	525	526	527	528	529	509	508	507	506	487	488	489	
490	491	492	493	494	495	496	497	498	499	500	501	502	503	504	505	519	531	532	533	558	559	560	561	562	563	564	565	
566	568	578	569	570	571	572	573	574	575	576	577	557	567	556	543	534	535	536	537	538	539	540	541	542	544	554	545	
546	547	548	549	550	551	552	553	486	485	484	437	416	417	418	419	420	421	422	423	424	426	436	427	428	429	430	431	
432	433	434	435	415	414	413	412	393	394	395	396	397	398	399	400	401	402	403	404	405	406	407	408	409	410	411	425	
438	472	439	463	464	465	466	467	468	469	470	471	473	483	474	475	476	477	478	479	480	481	482	462	461	460	459	440	
441	442	443	444	445	446	447	448	449	450	451	452	453	580	455	456	457	458	555	579	611	581	698	686	687	688	689	691	
692	700	701	704	685	693	683	682	658	659	660	661	662	663	664	29	731	757	755	760	765	665	666	673	674	679	681	657	
684	680	678	677	676	675	672	671	670	669	668	667	737	52	750	722	771	34	728	18	753	21	703	702	699	697	695	694	
690	696	705	654	635	600	601	602	706	768	764	30	781	769	782	754	55	775	756	715	4	22	603	604	605	606	607	608	
609	610	655	612	613	614	599	724	766	767	772	773	752	783	59	718	739	716	719	759	779	762	598	597	588	582	583	584	
585	586	587	589	596	590	591	730	31	49	734	780	13	751	592	593	594	748	774	16	777	717	595	615	616	617	618	638	
639	640	641	642	643	644	747	732	763	3	709	20	645	646	647	648	649	746	744	758	723	650	651	652	637	653	636	634	
619	620	621	622	623	624	8	50	7	53	28	625	626	627	628	40	712	24	47	14	45	629	630	631	632	633	392	391	
390	325	142	143	144	145	35	5	15	38	146	147	148	150	158	42	2	32	10	54	151	152	153	154	155	156	157	141	
149	140	129	122	123	124	125	126	127	128	130	138	131	132	23	729	1	741	742	133	134	135	136	137	139	159	160	161	
182	183	184	185	186	187	188	189	190	191	192	193	194	195	39	9	36	37	196	197	198	181	180	179	169	162	120	164	
165	166	167	168	170	178	171	172	173	174	175	176	177	48	27	749	12	714	121	199	119	67	68	69	70	71	72	73	
74	82	75	76	77	78	79	80	66	81	118	84	61	17	6	743	26	708	103	104	105	106	107	108	83	109	110	111	
112	113	114	115	116	117	102	101	100	91	85	58	707	726	62	41	60	86	87	88	89	90	92	99	93	94	95	96	
97	98	163	200	295	202	321	322	323	324	64	725	745	720	56	65	326	327	328	329	331	341	332	333	334	335	336	337	
338	339	340	320	319	318	317	298	299	300	711	25	761	713	301	302	303	304	305	306	307	308	309	310	311	312	313	314	
315	316	330	342	343	344	369	370	371	735	33	11	43	57	372	373	374	375	376	377	379	389	380	381	382	383	384	385	
386	387	388	368	378	367	354	345	346	710	740	776	721	347	348	349	350	351	352	353	355	365	356	357	358	359	360	361	
362	363	364	297	366	296	271	226	63	51	44	19	46	227	228	229	230	231	232	233	234	236	246	237	238	239	240	241	
242	243	244	245	225	224	223	222	733	778	0	727	203	204	205	206	207	208	209	210	211	212	213	214	215	216	217	218	
219	220	221	235	247	248	249	274	736	770	738	275	276	277	278	279	280	281	282	284	294	285	286	287	288	289	290	291	
292	293	273	283	272	259	250	251	252	253	254	255	256	257	258	260	270	261	262	263	264	265	266	267	268	269	454	656	
