199	496	497	498	499	500	501	502	503	505	514	506	507	508	509	510	511	512	513	495	494	493	492	475	476	477	478	479	
480	481	482	483	484	485	486	487	488	489	490	491	504	515	516	517	540	541	542	543	544	545	546	547	549	558	550	551	
552	553	554	555	556	557	539	548	538	526	518	519	520	521	522	523	524	525	527	536	528	529	530	531	532	533	534	535	
474	537	473	450	409	410	411	412	413	414	415	416	418	427	419	420	421	422	423	424	425	426	408	407	406	405	388	389	
390	391	392	393	394	395	396	397	398	399	400	401	402	403	404	728	756	749	759	701	417	428	429	430	453	454	455	456	
457	458	459	460	462	471	463	464	465	466	467	468	469	470	694	762	782	760	768	753	452	461	451	439	431	432	433	434	
435	436	437	438	440	449	441	560	442	443	444	445	446	707	25	752	19	742	17	717	716	70	447	448	472	559	595	561	
673	674	675	677	680	679	678	676	655	671	656	684	50	30	713	755	39	54	744	44	3	59	654	663	664	667	668	666	
665	669	662	660	659	658	657	661	670	681	672	23	765	723	35	32	703	34	15	55	20	27	652	640	585	586	587	588	
589	590	591	592	593	594	596	597	598	599	62	14	1	722	58	22	18	12	40	49	28	60	600	601	602	603	584	604	
583	581	562	563	564	565	566	567	568	47	721	702	767	11	685	26	36	71	569	570	682	763	683	571	572	573	574	575	
576	577	578	579	580	582	605	606	61	708	8	7	48	712	607	631	632	633	634	635	10	43	33	636	637	638	639	641	
651	642	643	644	645	646	647	68	9	740	65	705	689	692	648	649	650	630	629	628	72	731	691	627	608	609	610	611	
612	613	614	615	616	617	618	66	37	5	63	619	620	621	622	623	624	625	626	387	64	2	733	141	142	143	144	386	
146	147	149	157	150	151	152	46	0	735	153	154	155	156	140	148	139	128	121	122	6	779	724	123	124	125	126	127	
129	137	130	131	132	133	38	750	739	729	134	135	136	138	159	178	160	181	182	183	715	13	31	184	185	186	187	189	
197	190	191	192	193	194	45	719	42	686	195	196	180	188	179	168	161	162	687	693	4	56	69	163	164	165	166	167	
119	177	170	171	172	173	698	24	736	174	175	176	120	158	87	83	81	73	41	727	766	704	77	76	75	93	95	96	
110	109	108	117	107	105	734	774	769	98	80	84	112	118	85	103	690	697	754	738	79	106	74	97	99	100	101	102	
104	113	114	94	78	89	720	737	746	90	92	82	88	116	111	732	688	771	747	115	86	91	169	198	338	200	317	318	
319	320	385	321	322	323	725	783	781	745	726	700	730	51	16	761	57	743	718	324	325	327	337	328	329	330	331	332	
333	334	335	336	316	315	714	776	748	773	711	775	764	777	770	757	52	314	313	294	295	296	297	298	299	300	301	302	
303	304	305	306	307	308	699	758	21	751	696	778	741	780	53	309	310	311	312	326	339	373	340	364	365	366	367	368	
369	370	371	372	374	384	375	67	706	772	29	695	710	709	376	377	378	379	380	381	382	383	363	362	361	360	341	342	
343	344	345	346	347	348	349	350	351	352	353	354	355	356	357	358	359	293	292	291	279	224	225	226	227	228	229	230	
231	232	233	234	235	236	237	238	239	240	241	242	223	243	222	220	201	202	203	204	205	206	207	208	209	210	211	212	
213	214	215	216	217	218	219	221	244	245	246	270	271	272	273	274	275	276	277	278	280	290	281	282	283	284	285	286	
287	288	289	269	268	267	266	247	248	249	250	251	252	253	254	255	256	257	258	259	260	261	262	263	264	265	145	653	
