189	495	496	497	498	499	500	501	502	503	504	505	506	507	508	509	510	511	512	513	514	515	494	493	492	480	471	472	
473	474	475	476	477	478	479	481	491	482	483	484	485	486	487	488	489	490	516	518	565	519	544	545	546	547	548	549	
550	551	552	553	554	555	556	557	558	559	560	561	562	563	564	543	542	541	529	520	521	522	523	524	525	526	527	528	
530	540	531	532	533	534	535	536	537	538	539	470	469	468	467	398	399	400	401	402	403	404	405	406	408	418	409	410	
411	412	413	414	415	416	417	397	407	396	383	374	375	376	377	378	379	380	381	382	384	394	385	386	387	388	389	390	
391	392	393	395	419	420	421	446	447	448	449	450	451	452	453	454	455	456	457	458	459	460	461	462	463	464	465	466	
445	444	443	431	422	423	424	425	426	427	428	429	430	432	442	433	434	373	435	436	437	438	439	440	441	517	566	598	
568	662	663	664	665	667	675	668	669	670	671	672	673	674	658	716	726	721	738	734	718	666	657	646	639	640	641	642	
643	644	645	647	655	648	649	650	652	653	654	656	32	715	772	783	779	769	761	764	770	759	661	660	659	638	651	636	
601	586	587	588	589	590	591	593	691	752	748	743	766	777	778	758	754	729	741	763	768	745	600	594	595	596	597	637	
599	585	584	583	582	581	580	698	767	774	760	742	737	694	15	20	18	686	740	746	750	697	579	578	577	576	575	574	
573	572	571	570	569	592	602	749	781	776	771	732	26	7	627	603	621	9	756	762	723	31	622	623	624	625	626	628	
635	629	630	631	632	633	688	757	782	775	728	6	634	620	619	618	617	11	733	739	684	616	615	614	613	612	611	610	
609	608	607	606	605	604	720	773	780	744	19	305	89	88	107	21	8	706	731	712	29	106	102	101	100	44	41	372	
167	175	174	173	127	118	10	0	1	14	131	147	143	141	138	4	13	711	719	687	110	36	132	133	134	135	136	137	
140	148	142	144	145	146	130	129	128	113	114	115	116	117	22	727	713	707	690	119	120	121	122	123	124	125	126	139	
150	178	151	171	172	176	177	179	187	180	181	182	183	184	751	753	736	725	185	186	170	169	168	188	153	154	155	156	
157	158	159	160	161	162	163	164	165	166	112	149	111	701	755	747	765	714	91	55	56	57	58	59	60	61	63	71	
64	65	66	67	68	69	70	54	53	52	51	37	677	683	696	699	704	676	38	39	40	42	43	45	46	47	48	49	
50	62	72	73	74	94	95	96	97	98	99	35	705	685	3	2	25	103	104	105	108	93	109	92	90	75	76	77	
78	79	80	81	82	83	84	85	86	87	24	5	717	34	12	33	325	190	371	306	307	308	309	310	311	312	313	314	
315	316	317	318	319	320	321	322	323	304	17	693	710	23	324	303	301	282	283	284	285	286	287	288	289	290	291	292	
293	294	295	296	297	298	299	300	302	16	702	735	724	689	326	348	327	351	352	353	354	355	356	357	358	359	360	361	
362	363	364	365	366	367	368	369	350	695	722	730	708	370	349	347	328	329	330	331	332	333	334	335	336	337	338	339	
340	341	342	343	344	345	346	281	681	703	709	682	28	280	279	256	213	214	215	216	217	218	219	220	221	222	223	224	
225	226	227	228	229	230	231	212	692	700	678	27	211	210	199	191	192	193	194	195	196	197	198	200	209	201	202	203	
204	205	206	207	208	232	233	234	679	680	30	235	259	260	261	262	263	264	265	266	267	268	269	270	271	272	273	274	
275	276	277	258	278	257	255	236	237	238	239	240	241	242	243	244	245	246	247	248	249	250	251	252	253	254	152	567	
