84	509	510	511	512	513	514	515	516	517	519	529	520	521	522	523	524	525	526	527	528	508	507	506	505	486	487	488	
489	490	491	492	493	494	495	496	497	498	499	500	501	502	503	504	518	531	565	532	556	557	558	559	560	561	562	563	
564	566	576	567	568	569	570	571	572	573	574	575	555	554	553	552	533	534	535	536	537	538	539	540	541	542	543	544	
545	546	547	548	549	550	551	485	530	484	436	415	416	417	418	419	420	421	422	423	425	435	426	427	428	429	430	431	
432	433	434	414	413	412	411	392	393	394	395	396	397	398	399	400	401	402	403	404	405	406	407	408	409	410	424	437	
471	438	462	463	464	465	466	467	468	469	470	472	482	473	474	475	476	477	478	479	480	481	461	460	459	458	439	440	
441	442	443	444	445	446	447	448	449	450	578	452	453	454	455	456	457	483	577	613	579	676	677	678	679	680	681	682	
683	684	685	686	687	688	689	690	675	674	673	664	720	749	776	782	783	772	762	737	35	658	659	660	661	662	657	663	
665	672	666	667	668	669	670	671	691	692	695	743	765	774	779	775	780	781	769	51	24	705	703	696	697	698	699	700	
701	702	694	704	708	707	709	710	706	65	729	712	727	59	58	64	711	29	8	11	56	655	616	599	600	601	602	603	
604	605	607	615	608	609	610	611	612	33	18	42	761	726	656	614	31	2	1	9	63	598	597	596	595	580	581	582	
583	584	585	586	587	588	589	590	738	739	41	746	734	591	592	593	25	4	6	46	594	606	617	645	618	638	639	640	
641	642	643	644	646	654	647	750	771	44	23	721	648	649	725	756	53	43	763	650	651	652	653	637	636	635	634	619	
620	621	622	623	624	625	713	755	45	5	626	627	628	736	770	752	32	730	728	629	630	631	632	633	391	451	389	390	
144	145	146	147	148	149	731	773	766	40	38	15	17	37	39	30	36	748	150	151	152	153	154	155	156	157	158	143	
142	141	132	126	127	128	733	778	777	768	757	34	49	48	13	12	22	129	130	131	133	140	134	135	136	137	138	139	
159	160	161	162	182	183	184	62	20	61	753	745	724	715	14	16	716	185	186	187	188	189	190	191	192	193	194	195	
196	181	197	180	178	163	164	165	124	167	168	169	170	27	0	7	55	171	172	173	174	175	176	177	125	179	71	75	
76	77	80	82	81	70	69	83	78	79	74	73	72	21	3	10	54	103	85	106	107	108	109	110	111	123	112	114	
122	115	116	117	118	119	120	121	105	113	104	93	86	87	19	759	60	88	89	90	91	92	94	102	95	96	97	98	
99	100	101	166	198	341	200	320	321	199	323	324	325	26	767	758	50	326	327	328	330	340	331	332	333	334	335	336	
337	338	339	319	329	318	305	296	297	298	299	300	301	740	764	28	52	302	303	304	306	316	307	308	309	310	311	312	
313	314	315	317	342	365	343	368	369	370	371	372	373	723	760	47	57	374	375	376	378	388	379	380	381	382	383	384	
385	386	387	367	377	366	353	344	345	346	347	348	349	350	754	735	714	351	352	354	364	355	356	357	358	359	360	361	
362	363	295	294	293	269	224	225	226	227	228	229	230	231	742	751	741	717	232	234	244	235	236	237	238	239	240	241	
242	243	223	222	221	220	201	202	203	204	205	206	207	208	718	744	747	732	66	209	210	211	212	213	214	215	216	217	
218	219	233	245	246	247	272	273	274	275	276	277	278	279	280	68	722	719	67	282	292	283	284	285	286	287	288	289	
290	291	271	281	270	257	248	249	250	251	252	253	254	255	256	258	268	259	260	261	262	263	264	265	266	267	322	693	
