104	566	565	564	563	562	559	558	557	555	554	569	570	586	585	584	583	582	551	549	530	528	524	523	522	521	520	519	
518	517	516	543	542	541	540	538	537	536	513	578	588	604	641	650	633	635	636	640	648	655	656	647	646	597	596	595	
593	592	591	606	625	609	624	622	621	535	511	512	412	411	410	409	38	29	32	408	433	429	428	427	426	425	424	423	
422	421	420	364	363	362	376	378	395	379	392	488	487	486	485	691	718	727	717	484	495	494	474	455	470	469	468	467	
589	413	456	457	458	459	460	461	462	463	464	465	466	31	683	706	743	750	676	471	454	452	437	438	439	440	441	442	
443	444	445	446	447	448	449	450	451	453	472	473	20	13	672	708	704	686	496	497	498	499	500	502	510	503	504	505	
506	507	508	509	493	492	491	490	475	476	477	478	22	5	15	2	6	479	480	481	482	483	489	436	435	434	396	380	
381	382	383	384	385	386	387	388	389	390	391	14	9	684	1	4	393	394	365	366	367	368	369	370	371	372	373	374	
375	377	397	415	398	418	419	430	431	432	417	8	730	36	16	416	414	399	400	401	402	403	404	405	406	407	501	610	
611	612	613	614	615	616	617	618	619	620	7	749	753	667	623	608	594	598	599	600	601	602	603	627	605	607	626	634	
628	644	645	652	653	639	637	632	631	27	736	729	24	21	629	630	638	642	654	651	649	643	590	533	534	539	544	545	
546	547	532	548	531	529	514	515	657	698	768	716	3	525	526	527	550	10	687	23	571	572	573	574	575	576	577	579	
587	580	581	568	567	552	553	556	33	680	742	700	18	560	561	11	678	741	780	778	775	674	361	358	314	126	127	128	
129	130	131	132	134	142	135	136	679	703	25	0	12	137	659	740	781	776	764	765	779	739	661	138	139	140	141	359	
133	124	113	106	107	108	109	34	696	755	719	17	110	19	712	777	760	695	28	35	734	731	666	111	112	114	122	115	
116	117	118	119	120	121	123	689	763	751	697	144	671	766	783	747	677	39	26	685	737	705	163	145	166	167	168	169	
170	171	172	174	182	175	176	709	754	748	177	178	761	782	752	30	179	662	693	713	699	180	181	165	173	164	153	146	
147	148	149	150	151	152	183	692	733	738	154	681	770	771	701	162	665	715	723	688	155	156	157	158	159	160	161	105	
143	103	102	58	59	64	63	660	721	722	44	673	735	769	732	745	728	720	664	37	48	49	50	51	52	54	57	60	
61	62	41	56	55	53	47	675	762	757	682	702	773	774	772	746	726	669	46	45	43	42	93	66	86	87	88	89	
90	91	92	94	65	95	96	670	744	767	758	759	756	725	711	710	663	97	98	99	100	101	85	84	83	82	67	68	
69	70	71	72	73	74	75	76	40	694	707	714	724	690	668	658	77	78	79	80	81	184	185	295	296	297	298	299	
300	301	302	304	313	305	306	307	308	309	310	311	312	294	303	293	281	273	274	275	276	277	278	279	280	282	291	283	
284	285	286	287	288	289	290	292	315	336	316	339	340	341	342	343	344	345	346	348	357	349	350	351	352	353	354	355	
356	338	347	337	325	317	318	319	320	321	322	323	324	326	335	327	328	329	330	331	332	333	334	272	271	270	248	207	
208	209	210	211	212	213	214	216	225	217	218	219	220	221	222	223	224	206	205	204	203	186	187	188	189	190	191	192	
193	194	195	196	197	198	199	200	201	202	215	226	227	228	251	252	253	254	255	256	257	258	260	269	261	262	263	264	
265	266	267	268	250	259	249	237	229	230	231	232	233	234	235	236	238	247	239	240	241	242	243	244	245	246	125	360	
