0	441	442	443	444	445	446	447	448	449	450	451	452	453	454	455	456	457	458	459	440	439	438	427	419	420	421	422	
423	424	425	426	428	437	429	430	431	432	433	434	435	436	460	462	505	463	486	487	488	489	490	491	492	493	494	495	
496	497	498	499	500	501	502	503	504	485	484	483	472	464	465	466	467	468	469	470	471	473	482	474	475	476	477	478	
479	480	481	418	461	417	371	351	352	353	354	355	356	357	358	359	360	361	362	363	364	365	366	367	368	369	350	349	
348	337	329	330	331	332	333	334	335	336	338	347	339	340	341	342	343	344	345	346	370	372	415	373	396	397	398	399	
400	401	402	403	404	405	406	407	408	409	410	605	606	637	782	776	777	778	779	765	659	586	411	412	413	414	395	394	
393	382	374	328	375	376	377	378	379	607	649	678	680	729	772	747	762	730	724	723	720	656	592	380	381	383	392	384	
385	386	387	388	389	390	391	416	506	661	703	753	740	741	763	742	743	744	745	746	748	757	618	571	579	576	575	574	
556	531	529	528	527	526	525	524	515	638	716	715	681	641	644	642	643	665	709	756	755	754	617	549	548	547	546	545	
508	543	542	541	534	516	557	535	512	584	601	602	598	522	523	558	580	593	679	738	737	658	587	568	581	530	532	555	
533	554	553	552	551	536	537	538	539	540	544	550	509	510	511	513	514	628	687	690	700	651	517	518	519	520	521	559	
560	561	562	563	564	565	566	567	569	573	570	572	577	578	583	582	630	664	691	726	704	594	326	162	103	104	105	106	
107	108	109	110	111	112	113	114	115	116	117	118	119	102	631	674	689	696	697	698	670	591	101	100	90	83	84	85	
86	87	88	89	91	99	92	93	94	604	640	666	668	667	775	694	695	692	684	634	599	95	96	97	98	120	122	327	
123	144	145	146	147	148	149	150	614	676	701	693	699	702	764	712	735	736	660	151	152	153	154	155	156	157	158	159	
160	143	142	141	131	124	125	126	612	677	766	767	768	769	783	770	771	773	780	623	127	128	129	130	132	140	133	134	
135	136	137	138	139	82	121	81	39	603	639	616	611	610	609	608	650	707	708	624	21	22	23	24	25	26	27	28	
29	30	31	32	33	34	35	36	37	20	19	18	8	1	2	3	595	719	731	622	4	5	6	7	9	17	10	11	
12	13	14	15	16	38	40	79	41	62	63	64	65	66	67	68	629	734	718	621	69	70	71	72	73	74	75	76	
77	78	61	60	59	49	585	626	590	42	43	44	45	46	47	633	686	728	727	625	48	50	58	51	52	53	54	55	
56	57	80	163	244	619	662	725	600	164	267	268	269	596	632	685	722	721	688	620	270	271	272	273	274	275	276	277	
278	279	280	281	282	672	714	713	653	645	646	648	647	669	781	711	710	663	627	283	266	265	264	254	247	248	249	250	
251	252	253	255	263	673	706	705	717	732	733	760	759	758	774	682	654	589	256	257	258	259	260	261	262	284	286	325	
287	308	309	310	311	615	655	752	751	750	749	761	675	671	652	613	312	313	314	315	316	317	318	319	320	321	322	323	
324	307	306	305	295	288	588	635	683	739	657	636	597	289	290	291	292	293	294	296	304	297	298	299	300	301	302	303	
246	285	245	203	185	186	187	188	189	190	191	192	193	194	195	196	197	198	199	200	201	184	183	182	172	165	166	167	
168	169	170	171	173	181	174	175	176	177	178	179	180	202	204	243	205	226	227	228	229	230	231	232	233	234	235	236	
237	238	239	240	241	242	225	224	223	213	206	207	208	209	210	211	212	214	222	215	216	217	218	219	220	221	161	507	
