114	509	510	511	512	513	514	515	516	517	519	529	520	521	522	523	524	525	526	527	528	508	518	507	494	485	486	487	
488	489	490	491	492	493	495	505	496	497	498	499	500	501	502	503	504	506	530	531	532	557	558	559	560	561	562	563	
564	565	566	567	568	569	570	571	572	573	574	575	576	577	556	555	554	542	533	534	535	536	537	538	539	540	541	543	
553	544	545	546	547	548	549	550	551	552	484	483	482	434	413	414	415	416	417	418	419	420	421	423	433	424	425	426	
427	428	429	430	431	432	412	422	411	398	389	390	391	392	393	394	395	396	397	399	409	400	401	402	403	404	405	406	
407	408	410	435	458	436	461	462	463	464	465	466	467	468	469	471	481	472	473	474	475	476	477	478	479	480	460	470	
459	446	437	438	439	440	441	442	443	444	445	447	457	448	449	450	451	452	453	580	455	456	578	579	599	581	675	676	
677	678	679	680	682	683	689	694	695	650	651	652	657	660	671	29	47	39	755	725	746	661	662	664	666	667	668	670	
672	686	669	663	658	656	674	693	688	654	681	653	712	743	751	762	761	765	769	745	733	756	665	655	649	659	673	684	
696	692	691	690	687	697	685	648	702	27	35	754	771	760	780	773	781	779	770	777	740	727	646	629	610	609	608	607	
606	605	604	603	602	601	600	736	717	776	710	767	768	772	723	719	728	742	763	757	732	729	598	597	596	595	594	593	
592	591	590	589	588	587	586	749	758	715	759	752	721	726	585	584	583	744	750	735	753	703	582	611	612	613	614	644	
643	642	641	640	639	638	730	774	707	28	21	23	637	636	635	634	633	731	722	720	701	632	631	645	630	628	627	626	
625	624	623	622	621	620	24	699	739	32	40	619	618	617	616	49	43	20	700	54	50	615	388	454	386	322	138	387	
140	141	142	143	144	145	706	2	8	56	147	156	148	149	150	704	33	709	748	53	151	152	153	154	155	137	146	136	
124	116	117	118	119	120	121	122	123	125	134	126	127	128	18	19	30	724	738	129	130	131	132	133	135	157	158	159	
182	183	184	185	186	187	188	189	190	191	192	193	194	195	4	5	747	705	196	197	198	199	200	181	180	179	168	160	
161	162	163	164	165	166	167	169	202	178	170	171	172	714	26	741	734	711	173	174	175	176	177	115	201	113	110	71	
73	65	64	72	69	74	58	70	75	68	67	66	52	38	713	718	25	57	62	61	60	59	63	94	77	97	98	99	
100	101	102	103	104	105	106	107	108	109	76	44	7	45	34	15	46	111	96	112	95	93	78	79	80	81	82	83	
84	85	86	87	88	89	90	91	92	294	42	16	6	0	13	55	204	320	321	203	323	324	325	326	327	328	329	330	
331	332	333	334	335	336	337	338	319	339	698	11	3	14	318	316	297	298	299	300	301	302	303	304	305	306	307	308	
309	310	311	312	313	314	315	317	341	51	31	41	22	48	363	342	366	367	368	369	370	371	372	373	374	375	376	377	
378	379	380	381	382	383	384	365	385	12	1	10	17	364	362	343	344	345	346	347	348	349	350	351	352	353	354	355	
356	357	358	359	360	361	296	340	708	36	716	9	37	295	248	228	229	230	231	232	233	234	235	236	237	238	239	240	
241	242	243	244	245	246	227	247	775	782	778	737	226	224	205	206	207	208	209	210	211	212	213	214	215	216	217	218	
219	220	221	222	223	225	249	271	764	783	766	250	274	275	276	277	278	279	280	281	282	283	284	285	286	287	288	289	
290	291	292	273	293	272	270	251	252	253	254	255	256	257	258	259	260	261	262	263	264	265	266	267	268	269	139	647	
