187	488	489	490	491	492	493	494	495	496	498	508	499	500	501	502	503	504	505	506	507	487	486	485	484	465	466	467	
468	469	470	471	472	473	474	475	476	477	478	479	480	481	482	483	497	510	544	511	535	536	537	538	539	540	541	542	
543	545	555	546	547	548	549	550	551	552	553	554	534	533	532	531	512	513	514	515	516	517	518	519	520	521	522	523	
524	525	526	527	528	529	530	464	509	463	415	394	395	396	397	398	399	400	401	402	404	414	405	406	407	408	409	410	
411	412	413	393	392	391	390	371	372	373	374	375	376	377	378	379	380	381	382	383	384	385	386	387	388	389	403	416	
450	417	441	442	443	444	445	446	447	448	449	451	461	452	453	454	455	456	457	674	670	709	39	458	459	460	440	439	
438	437	418	419	420	421	422	423	424	425	426	427	428	429	430	672	35	689	678	721	716	706	667	432	433	434	435	436	
462	556	592	558	660	657	658	659	656	663	664	665	6	28	8	16	18	2	20	33	732	717	684	654	639	640	642	643	
644	646	653	647	648	649	655	645	652	651	650	21	9	10	0	4	5	3	1	11	681	727	662	661	638	641	636	596	
579	580	581	582	583	584	585	587	595	588	729	17	19	14	13	31	589	22	15	7	713	679	590	591	637	593	594	578	
586	577	566	559	560	561	562	563	564	565	722	736	719	38	567	575	30	27	695	694	686	568	569	570	571	572	573	574	
576	597	616	598	619	620	621	622	623	624	703	748	755	715	41	37	680	733	25	690	625	627	635	628	629	630	631	632	
633	634	618	626	617	606	599	600	601	602	676	760	779	758	691	714	708	29	699	603	604	605	607	615	608	609	610	611	
612	613	614	370	431	368	302	122	123	124	125	756	781	771	759	769	764	735	668	126	127	128	129	131	140	132	133	369	
135	136	137	138	139	121	130	120	108	100	101	765	782	783	773	751	728	40	102	103	104	105	106	107	109	118	110	111	
112	113	114	115	116	117	119	141	142	143	671	761	780	775	778	745	166	167	168	169	170	171	172	173	174	175	176	177	
178	179	180	181	182	183	184	165	164	163	750	757	772	763	753	741	152	144	145	146	147	148	149	150	151	153	162	154	
155	156	157	158	159	160	98	99	682	718	770	777	768	696	743	704	185	62	56	55	53	66	52	51	42	43	44	46	
47	48	49	67	82	68	94	93	700	767	774	762	685	693	24	666	84	96	83	81	80	97	78	77	75	73	72	71	
70	45	95	74	76	79	85	683	766	776	738	677	697	26	692	734	86	87	88	89	90	91	92	69	54	50	57	58	
59	60	61	63	64	65	161	739	726	746	186	673	707	712	724	720	277	188	303	304	305	306	307	308	309	310	311	312	
313	314	315	316	317	318	319	687	702	742	669	698	752	740	723	320	301	300	299	288	280	281	282	283	284	285	286	287	
289	298	290	291	292	293	294	731	730	32	705	710	749	725	295	296	297	321	322	323	324	348	349	350	351	352	353	354	
355	356	357	358	359	360	361	711	701	34	747	754	744	675	362	363	364	365	366	347	367	346	344	325	326	327	328	329	
330	331	332	333	334	335	336	36	23	12	688	737	337	338	339	340	341	342	343	279	345	278	254	211	212	213	214	215	
216	217	218	219	220	221	222	223	224	225	226	227	228	229	210	209	208	197	189	190	191	192	193	194	195	196	198	207	
199	200	201	202	203	204	205	206	230	231	232	233	257	258	259	260	261	262	263	264	265	266	267	268	269	270	271	272	
273	274	275	256	276	255	253	234	235	236	237	238	239	240	241	242	243	244	245	246	247	248	249	250	251	252	134	557	
