107	508	509	510	511	512	513	514	515	516	518	528	519	520	521	522	523	524	525	526	527	507	517	506	493	484	485	486	
487	488	489	490	491	492	494	504	495	496	497	498	499	500	501	502	503	505	529	530	531	556	557	558	559	560	561	562	
563	564	565	566	567	568	569	570	571	572	573	574	575	576	555	554	553	541	532	533	534	535	536	537	538	539	540	542	
552	543	544	545	546	547	548	549	550	551	483	482	481	433	412	413	414	415	416	417	418	419	420	422	432	423	424	425	
426	427	428	429	430	431	411	421	410	397	388	389	390	391	392	393	394	395	396	398	408	399	400	401	402	403	404	405	
406	407	409	434	457	435	460	461	462	463	464	465	466	467	468	470	480	471	31	24	757	741	472	473	474	475	476	477	
478	479	459	469	458	445	436	437	438	439	440	441	442	443	444	446	456	12	23	5	39	32	447	448	449	450	451	579	
453	454	455	577	578	609	580	712	718	711	709	708	707	719	722	723	725	34	742	739	765	736	672	680	681	682	683	685	
692	693	694	695	720	671	699	698	697	696	691	690	689	688	687	700	730	766	755	13	731	40	679	678	677	676	675	674	
673	702	670	684	701	705	703	724	727	728	726	721	710	704	706	752	772	761	760	744	713	714	715	716	717	669	686	667	
666	603	604	605	606	607	608	610	612	621	613	614	615	616	617	779	773	733	756	618	619	620	602	611	601	589	581	582	
583	584	585	586	587	588	590	599	591	592	593	594	595	596	749	782	759	15	746	597	598	600	622	623	624	647	648	649	
650	651	652	653	654	655	656	657	658	659	660	661	662	734	777	778	27	29	663	664	665	646	645	644	633	625	626	627	
628	629	630	631	632	634	643	635	636	637	638	639	640	740	774	30	14	35	641	642	387	452	385	324	132	133	134	386	
136	137	138	139	140	141	142	143	144	145	146	147	8	769	776	767	36	148	149	150	131	151	130	128	109	110	111	112	
113	114	115	116	117	118	119	120	121	122	123	22	6	780	771	748	124	125	126	127	129	152	153	154	178	179	180	181	
182	183	184	185	186	188	198	189	190	191	192	4	747	781	775	28	193	194	195	196	197	177	176	175	174	155	156	157	
158	159	160	161	162	163	164	165	166	167	17	0	758	783	770	168	170	171	172	173	108	187	106	102	54	55	56	57	
58	59	62	63	64	65	66	67	68	53	2	9	753	768	738	47	46	45	44	51	42	41	50	43	49	70	88	72	
91	92	71	93	95	96	98	105	99	101	19	1	18	735	104	89	79	73	74	75	76	77	78	80	87	81	82	83	
84	85	86	52	97	90	103	100	94	764	763	21	11	33	48	69	61	60	169	199	292	201	318	319	320	321	322	323	
200	325	326	327	328	329	330	331	743	750	762	7	20	38	332	333	334	335	336	317	337	316	314	295	296	297	298	299	
300	301	302	303	304	305	306	307	737	754	25	10	308	309	310	311	312	313	315	338	339	340	364	365	366	367	368	369	
370	371	372	374	384	375	376	377	732	751	3	16	378	379	380	381	382	383	363	362	361	360	341	342	343	344	345	346	
347	348	349	350	351	352	353	354	729	745	37	26	355	356	357	358	359	294	373	293	280	225	226	227	228	229	230	231	
232	233	234	235	236	237	238	239	240	241	242	243	224	244	223	221	202	203	204	205	206	207	208	209	210	211	212	213	
214	215	216	217	218	219	220	222	245	246	247	271	272	273	274	275	276	277	278	279	281	291	282	283	284	285	286	287	
288	289	290	270	269	268	267	248	249	250	251	252	253	254	255	256	257	258	259	260	261	262	263	264	265	266	135	668	
