186	484	485	486	487	488	489	490	491	492	493	494	495	496	497	498	499	500	501	502	483	482	481	470	462	463	464	465	
466	467	468	469	471	480	472	473	474	475	476	477	478	479	503	504	505	506	530	531	532	533	534	535	536	537	538	539	
540	541	542	543	544	545	546	547	548	529	549	528	526	507	508	509	510	511	512	513	514	515	516	517	518	519	520	521	
522	523	524	525	461	527	460	436	393	394	395	396	397	398	399	400	401	402	403	404	405	406	407	408	409	410	411	392	
391	390	379	371	372	373	374	375	376	377	378	380	389	381	382	681	722	698	715	663	383	384	385	386	387	388	412	413	
414	415	439	440	441	442	443	444	445	446	447	448	449	450	38	46	712	769	36	727	451	452	453	454	455	456	457	438	
458	437	435	416	417	418	419	420	421	422	423	424	425	661	705	17	29	702	689	4	44	40	427	428	429	430	431	432	
433	434	459	550	563	647	646	645	644	643	642	37	25	24	6	694	18	716	662	744	7	26	648	634	632	631	630	629	
628	627	650	620	651	652	653	619	626	617	600	686	2	0	672	14	738	679	669	710	688	28	579	618	578	577	576	570	
569	568	567	566	565	564	552	561	560	559	33	10	8	1	5	12	3	19	43	671	745	673	557	556	555	554	553	582	
584	585	615	614	613	612	611	610	607	660	16	30	687	690	41	22	23	32	606	605	754	13	42	603	602	616	601	597	
596	595	594	593	592	591	590	589	34	701	21	750	9	664	586	587	588	598	599	604	27	732	31	608	609	583	558	562	
571	572	573	574	575	580	581	656	685	756	39	697	668	35	654	649	633	621	622	623	15	659	767	624	625	635	636	637	
638	639	640	641	370	426	368	683	717	768	723	302	91	110	109	108	106	102	101	77	11	718	777	60	61	65	72	369	
158	156	155	154	173	170	169	765	741	740	130	121	139	147	160	75	133	134	135	136	708	736	774	137	138	140	141	142	
143	144	145	146	132	131	680	747	780	733	115	116	117	118	119	120	122	129	123	124	763	706	752	125	126	127	128	148	
149	150	171	172	174	175	666	764	772	658	176	177	178	179	180	181	182	183	655	749	677	735	45	168	167	166	185	157	
151	152	153	159	113	161	726	770	725	162	163	164	114	184	112	97	54	657	734	771	730	692	63	70	50	74	73	71	
69	68	67	66	64	59	699	778	742	47	48	49	57	58	51	52	684	761	760	711	53	55	56	62	111	96	76	98	
99	100	103	104	105	107	675	762	720	95	94	93	84	78	79	713	719	775	737	80	81	82	83	85	92	86	87	88	
89	90	322	187	303	304	695	759	755	753	674	676	746	773	748	782	728	700	693	305	306	307	308	309	310	311	312	313	
314	315	316	317	318	319	691	743	704	766	678	779	757	776	783	751	714	320	301	321	300	298	279	280	281	282	283	284	
285	286	287	288	289	290	665	724	731	707	758	739	20	709	682	291	292	293	294	295	296	297	299	323	345	324	348	349	
350	351	352	353	354	355	356	670	703	781	729	696	721	667	357	358	359	360	361	362	363	364	365	366	347	367	346	344	
325	326	327	328	329	330	331	332	333	334	335	336	337	338	339	340	341	342	343	278	277	276	253	210	211	212	213	214	
215	216	217	218	219	220	221	222	223	224	225	226	227	228	209	208	207	196	188	189	190	191	192	193	194	195	197	206	
198	199	200	201	202	203	204	205	229	230	231	232	256	257	258	259	260	261	262	263	264	265	266	267	268	269	270	271	
272	273	274	255	275	254	252	233	234	235	236	237	238	239	240	241	242	243	244	245	246	247	248	249	250	251	165	551	
