0.877708	0.161800	0.954182	0.814139	0.811511	2.275465	0.307646	1.552493	0.246985	1.155581	0.161257	0.791529	1.374842	1.044220	0.950684	2.736755	2.806361	1.378096	0.097613	2.206910	0.255471	2.285147	2.741961	0.257697	0.692891	0.906038	0.254190	0.560659	0.886424	0.167467	0.087641	0.077610	
0.300287	3.242358	2.995753	3.613137	3.465800	3.453052	3.720089	2.892490	0.557310	2.293189	1.570160	1.611573	4.933843	5.051056	5.413331	6.050997	2.433594	4.616009	9.729740	0.405464	4.954556	4.074223	0.393733	2.287258	4.525557	3.097241	1.997819	1.096997	0.655813	0.331549	0.387586	0.123023	
0.847729	4.209299	9.209791	1.105139	2.624107	9.563536	5.035024	2.154667	7.048971	9.057487	15.597152	9.131128	6.306702	6.463426	4.436696	1.108225	4.088258	6.677334	16.275222	28.010224	6.873588	8.202344	11.789645	0.458931	7.767303	1.044260	1.177525	0.458996	0.824772	0.828402	0.046745	0.242933	
2.525580	2.044411	6.168563	5.074156	4.426844	18.713890	12.067313	9.779924	15.561285	25.329777	16.234102	13.617865	15.523701	20.466983	12.460221	21.299620	8.101509	10.735140	3.954522	16.814216	7.705877	2.378854	1.980484	5.403111	7.522070	6.686410	5.621309	2.499738	1.576542	0.559763	1.165520	0.467363	
3.659715	6.216268	9.641947	25.250143	7.944289	9.157300	6.127773	9.653418	23.708341	19.770931	19.485135	22.693215	23.486389	3.096706	2.567900	20.040725	22.939650	39.202096	33.768592	32.699770	48.019148	2.889171	57.714703	14.275000	3.753818	14.081871	3.377516	2.944266	1.498287	1.038102	1.235439	0.199369	
0.739900	2.675698	11.385700	22.996428	3.925194	11.843102	15.357973	15.501645	29.315231	26.064404	9.971394	98.240260	14.308203	47.114845	10.052685	57.501111	0.064183	64.065564	93.493941	38.054982	70.118694	28.808787	36.240692	2.467335	3.201051	11.527121	4.212122	4.284829	1.616677	7.813149	1.233521	0.044620	
4.165232	6.916875	8.488427	25.226980	10.394764	8.039768	22.226491	12.695839	52.975039	43.077039	109.490992	6.584598	86.045806	1.264217	72.467956	7.707681	116.642977	93.729602	50.845628	20.270363	64.043371	89.603341	59.748119	5.127950	41.434132	28.189627	13.723039	18.391449	16.983374	4.946895	0.174415	1.346348	
2.094179	1.646385	40.292054	16.521970	21.394572	74.966930	42.679862	20.099443	10.540823	43.628225	11.728500	11.110109	28.481919	71.094758	102.828352	57.801357	15.760562	49.230256	13.584056	9.521856	85.066039	25.026621	50.186047	13.459867	29.034674	8.668212	23.710505	20.936685	3.656506	5.349025	0.427307	0.759269	
7.373230	24.179315	13.342762	20.337559	30.762530	44.956702	36.294690	63.453054	31.125352	40.174102	153.048500	16.936805	13.671395	7.071656	61.646242	39.601044	30.467398	38.538168	121.778669	2.492399	6.602514	3.702821	95.017809	17.462390	30.751405	46.997852	11.385369	9.816408	30.593314	0.078945	2.135169	0.182631	
3.842438	13.961623	20.083304	1.465085	38.054911	78.914876	36.851554	11.276721	4.566874	68.973958	116.046962	128.532813	61.812512	31.381852	9.481896	6.989197	12.904792	105.490095	28.355038	155.136330	10.518947	32.082716	65.748010	22.041492	31.842919	47.682995	12.710221	16.619031	0.894712	4.558960	4.220699	1.078503	
1.827246	9.696231	24.879703	33.704234	7.689492	126.193833	0.532629	125.869382	40.092235	62.584766	92.421001	125.816898	90.628650	32.756184	12.282806	62.363200	13.066770	25.267394	13.563116	67.040106	16.531292	11.935218	36.375893	43.686975	21.550823	10.381947	13.924576	4.905721	1.024167	3.094816	0.677147	0.567482	
3.033789	13.540646	20.827507	18.923033	85.371700	152.325897	31.810805	121.021258	10.587762	76.676443	74.940727	22.265246	122.856228	10.686021	33.362674	32.644041	112.800067	12.752222	20.093413	21.055547	25.539561	52.970461	90.603866	38.849386	74.791733	61.574824	31.216945	2.988171	17.900403	0.422027	0.402282	1.234670	
3.917013	20.629071	3.099739	19.393346	47.539399	12.189449	37.980169	86.348435	24.778898	22.602860	88.161409	44.928215	45.035025	110.797821	14.125739	16.356161	45.957914	36.638672	3.428826	105.480817	13.317814	121.307133	28.208277	130.391832	48.184385	37.326932	40.678575	24.890216	6.119081	1.524832	7.822039	1.978936	
5.041968	3.638040	5.760056	6.120777	62.115035	28.390372	87.025040	8.976713	9.897892	7.007590	108.106530	120.267888	17.150607	128.138408	45.012950	53.339026	91.645897	62.717381	53.334925	9.141992	143.202826	24.451962	28.203795	92.707419	31.702540	75.486162	24.608894	21.387054	13.891506	4.789885	2.070710	1.244471	
3.050058	3.106520	24.788199	16.028871	13.162533	107.981382	100.068486	38.816974	164.294222	51.271651	62.828506	16.344278	102.529637	54.067860	18.609241	114.553994	31.853122	13.684603	2.766934	21.536979	35.392159	80.783169	74.480607	11.070989	7.108984	24.593091	4.141697	3.221119	18.751431	2.126169	6.232745	0.724712	
0.188153	11.199902	13.301815	31.722908	42.668556	29.187212	98.095174	108.725327	34.469109	45.180722	63.079392	32.629640	39.054429	67.216478	9.775772	34.403626	19.560184	5.055245	49.220781	13.547781	38.390195	134.205241	1.747499	18.548278	84.872304	26.508122	9.036240	11.660159	6.999910	9.309856	0.386016	0.850482	
4.057306	0.324644	8.655815	21.463774	76.186819	89.956001	19.243615	1.698595	51.242400	31.702497	86.591074	34.168430	92.673429	19.358525	34.266547	38.790100	79.053019	12.658149	5.294472	53.119114	41.180681	55.428141	55.173275	29.270361	7.003067	17.384629	6.933880	0.876508	12.008513	1.194812	0.530676	2.080555	
5.272070	1.719342	2.211434	17.281678	61.837100	87.330364	42.784932	7.033650	17.613848	4.630716	1.466440	21.620082	54.072381	35.060698	85.246709	58.131125	25.851452	13.195687	70.018361	68.839395	16.137742	34.973843	71.094401	13.283517	39.168851	34.601545	14.967061	21.929136	2.597696	4.146166	0.088871	0.860379	
9.944810	6.885379	5.204736	51.502674	72.591363	29.316071	0.496156	118.002550	151.988533	18.343496	53.402480	16.110266	112.920434	64.153251	62.162707	25.429540	89.818360	41.929690	12.154789	82.735696	64.341729	23.839300	7.817621	48.574225	2.251438	17.561969	13.494893	12.100583	12.665447	1.345422	0.727614	0.009550	
3.283847	14.291685	30.970236	47.312046	0.922411	8.201884	5.582586	11.159165	81.922944	64.031324	156.251447	62.044757	0.533369	47.642651	105.174186	19.723783	54.121574	48.495684	120.156170	60.921121	51.562584	111.248087	12.327758	3.400210	37.851327	42.031406	35.865219	26.396917	16.163538	0.704008	1.035457	1.931760	
4.691746	3.041714	28.019562	10.699955	11.901251	45.470088	66.211733	21.948333	29.270013	42.510960	159.103219	24.767123	75.392992	90.157435	167.313159	57.340456	112.662638	97.587852	71.702477	57.991395	120.026947	45.664502	48.187930	54.973053	44.695580	51.481686	35.924614	1.229858	8.445803	5.177841	1.316427	0.977929	
3.299558	11.869893	10.505497	8.285226	4.085699	33.227738	49.792159	12.059846	58.531813	29.879352	146.984812	43.046380	249.294313	128.595489	6.865245	10.621673	75.665480	84.720905	10.141319	2.514660	65.315241	35.684088	7.472399	41.087688	4.516417	30.517337	1.583544	8.756363	11.493107	7.368301	0.492937	1.119713	
5.005283	15.487334	0.194745	12.990266	92.051401	40.754796	2.073494	28.565550	42.314173	56.916444	8.112690	90.011383	11.216889	94.628877	2.325055	72.569287	41.542701	5.692946	20.436474	7.071800	21.778608	32.385299	53.028524	76.414701	20.934789	1.591798	7.969229	24.328291	33.095417	1.364911	0.053975	0.671168	
4.162957	12.370313	25.649140	16.317611	72.652674	15.858604	72.269891	71.331373	33.263722	21.759464	63.586514	40.784770	89.013491	41.365484	14.725124	9.515285	184.302272	67.946559	34.708317	15.824364	10.529862	12.966762	66.787769	33.571774	20.140536	11.230833	0.276138	3.113921	7.063388	0.352581	2.782227	0.031680	
0.976906	6.608238	3.346972	37.637951	29.241450	52.888264	4.969717	63.795707	60.811607	60.848764	49.757842	16.875657	38.391608	33.771483	35.131267	85.045821	9.061897	98.698480	55.189426	25.378125	40.301429	34.517791	23.686463	62.880510	4.758261	12.241992	7.314457	26.268971	6.065647	0.348933	1.192040	0.643850	
3.520964	0.569865	10.443699	5.398765	32.787605	7.854780	60.887229	30.055116	38.954900	21.854891	15.045473	73.787435	46.568515	20.331708	18.061008	96.322142	17.379142	48.769797	27.358283	50.141271	13.717333	13.640583	29.881671	22.309345	15.130184	9.277376	16.368827	0.931465	1.214683	2.993748	2.638207	1.270367	
0.982515	12.659178	14.649828	19.883932	11.974003	2.945551	5.817218	18.483257	26.974743	53.772068	40.775131	47.246296	11.718233	76.406996	0.721833	5.111814	95.701021	50.328949	41.146158	36.603735	24.231834	47.376684	23.220573	2.067072	16.243269	5.890207	20.463933	1.080019	1.283346	0.970723	0.850850	0.154678	
4.303658	2.595675	16.984243	2.528841	1.317628	11.214899	0.462302	22.839904	8.322693	8.894358	22.886405	56.113399	15.339114	9.243679	12.864110	33.584952	35.182806	23.192873	5.935510	39.705635	15.208979	15.420950	1.005732	1.179846	6.893880	0.674023	5.508341	5.686787	1.347786	3.253371	0.035618	0.084958	
1.483254	0.582408	4.783686	9.208910	2.238292	2.345878	19.374266	7.394604	1.281902	4.567553	2.374014	9.452753	23.202796	25.969536	23.265143	14.663488	19.434657	7.955629	53.869592	1.208391	12.907421	6.456476	7.057298	2.789662	3.805017	2.891698	2.502004	5.645867	2.181289	1.382777	0.601276	0.392836	
0.146254	0.874712	3.124778	1.813676	1.355659	3.704229	6.834701	19.114027	5.101700	0.683784	4.222110	5.377977	7.415125	14.904299	20.981024	6.568897	4.378152	2.948350	1.363814	2.244785	4.928486	6.959288	6.184075	2.894869	1.445885	7.425088	9.314631	0.117783	1.546935	0.029680	0.304752	0.102619	
0.025524	0.112503	2.761781	1.461898	3.909612	4.605720	10.484486	2.848540	8.580284	4.454605	0.676936	0.316191	2.952572	5.308447	3.892362	0.559066	1.872327	2.130208	1.233710	1.180788	2.003868	0.681194	2.699644	2.412320	1.706519	0.627873	1.074259	0.193480	0.363160	0.121638	0.012600	0.032832	
0.083409	0.211682	0.006266	0.461151	0.940125	0.093086	2.853803	3.456032	1.975461	1.297491	1.895515	1.721789	0.914508	1.227433	0.547349	1.084342	0.445805	0.844907	0.104181	1.213963	0.584865	1.159243	1.326252	0.631823	0.476305	0.768061	0.147910	0.213480	0.103977	0.027746	0.114954	0.053434	

0.233757	0.815884	1.202550	1.007209	0.547011	3.945659	0.385776	0.093987	0.791630	2.003266	1.574486	2.130449	1.277301	1.051791	3.581509	3.416631	0.432651	0.078801	1.068848	2.455435	2.494282	1.337911	1.733246	1.078764	1.829591	0.106984	0.297190	1.592310	0.496129	0.000201	0.126643	0.045711	
0.514988	3.206371	0.573472	1.648261	0.415109	1.088751	2.783283	0.176954	6.101053	8.092790	7.834716	4.059746	2.458601	1.392881	4.919723	1.414423	4.859229	2.390469	0.868190	0.802989	3.183839	9.532295	2.033077	0.336651	2.724217	2.186734	1.974735	0.298542	2.385229	0.230852	0.241735	0.246553	
1.993635	0.661785	9.527423	4.927127	0.360152	6.783536	5.019947	10.568547	15.476539	6.590532	11.835978	6.595392	13.223193	5.633987	3.175872	1.909766	19.270245	6.171219	3.986689	9.184472	3.349795	12.170350	5.417403	2.673616	8.195374	2.665340	3.185324	0.658804	1.804613	3.460928	0.051468	0.317047	
0.828318	4.457380	16.006153	12.291371	0.619483	3.287971	0.475279	10.597139	17.482430	12.541988	1.693135	9.819846	10.090870	22.719904	8.997260	2.139324	0.088726	1.037773	1.858115	12.479441	32.066283	5.547306	1.675296	20.232186	12.317133	7.789568	2.191391	10.567037	7.941156	0.643697	1.150855	0.721606	
4.113751	21.500101	13.891136	24.931833	0.082604	0.854746	1.765336	16.435058	1.656947	30.034702	34.247730	12.745166	6.982695	17.132849	47.099684	18.765175	50.535590	11.335486	24.916626	16.157739	76.801617	36.164616	48.156191	24.068497	47.842426	6.463976	4.659881	5.022840	8.177992	2.164468	2.070944	0.808045	
3.095901	10.427805	28.017625	15.303490	15.057659	15.742164	11.892523	22.156560	54.530557	22.475893	45.731179	25.889956	20.611274	19.406294	70.836933	44.108725	71.634552	54.415198	37.939392	4.437690	41.415059	56.497041	28.196846	20.933396	15.847450	5.688376	19.328823	15.328364	1.197068	3.890506	1.074301	0.972808	
3.657332	28.347157	13.622954	16.644186	6.645091	7.031020	48.421197	8.896851	8.724607	53.759412	128.662706	50.143432	23.339908	42.837325	105.532536	22.183881	37.132356	45.492691	30.100357	28.053375	65.359188	73.162404	15.773961	52.602602	3.114809	45.791476	6.681763	16.844569	6.275930	10.142113	3.358965	0.089315	
1.297319	1.038586	58.301654	13.721195	26.297965	9.188165	98.899774	39.609828	6.221358	23.001987	4.222710	20.775582	35.215350	66.747538	92.145189	17.658529	82.278451	90.791323	16.673530	72.696883	15.038936	18.489993	33.710206	53.411369	0.887894	4.158357	3.762348	3.847967	15.113302	12.399293	2.084809	0.145083	
8.425828	47.492017	0.789340	26.906457	64.348085	36.957275	44.145952	49.902575	2.721279	49.923794	187.768721	4.583365	95.445464	66.951841	110.171958	32.988455	75.192251	58.250612	174.901853	16.562756	4.300396	39.317201	52.655470	8.263614	15.740451	30.106582	17.087900	29.564598	16.287776	0.275458	1.128459	2.977147	
5.270883	5.774209	40.624659	8.489029	14.766357	55.789512	10.501631	9.144209	90.832656	89.042826	57.015913	195.665218	61.863784	24.671278	39.262036	33.826256	76.926928	36.753219	74.584640	148.116557	18.762231	13.280895	28.421228	40.213988	30.666878	29.653276	35.187366	20.300402	16.812187	13.219502	3.337673	1.220164	
1.880932	3.324266	36.886205	15.619070	11.398580	33.389882	35.307570	146.040391	21.152488	3.134990	26.177661	62.690392	126.218664	17.633797	4.459434	46.592140	62.684822	37.394379	24.498992	11.131793	36.917371	0.205202	47.262456	40.490319	16.926411	24.502893	18.315966	9.262116	7.958227	6.533452	4.458961	2.143326	
9.236595	16.962355	23.042331	26.946623	107.569926	13.341277	95.591305	109.650205	100.313724	88.057656	72.554171	37.117812	142.769960	58.195792	33.249342	157.700336	111.988894	145.001359	110.570795	3.650252	3.792007	27.817900	82.369306	17.317264	30.661705	7.545183	27.162339	2.893018	12.791300	1.304603	3.492203	0.982391	
1.867098	3.266602	5.030333	55.159577	94.407623	49.093737	37.887077	54.353743	7.263695	19.772650	39.989399	73.413371	80.403622	69.958213	81.538643	85.743332	168.126219	21.169894	86.770484	23.530769	28.140806	103.057369	35.157853	180.394444	89.379999	58.162707	21.394270	7.552575	2.052313	11.960022	2.690977	0.050497	
1.273891	9.327972	3.678055	4.596659	26.461115	10.981310	103.106826	7.907837	44.936133	15.122076	73.711905	85.017385	117.480601	27.225992	14.747103	172.805558	18.040311	104.718888	3.350748	22.059062	36.832163	78.713557	30.691692	5.593986	51.365435	90.047040	23.638713	8.961995	4.668912	2.862893	1.568975	2.370259	
9.635947	12.897736	15.830835	18.976713	26.568588	28.290326	36.845568	8.592944	133.009425	30.274285	24.921568	8.597260	170.185157	26.374562	47.290590	139.366306	118.841902	16.931018	102.885755	52.500619	23.440416	46.149868	54.491824	3.029541	25.559268	45.013520	10.863506	18.541556	0.002020	7.337665	3.044386	4.225190	
1.140604	10.294404	38.024717	38.644085	68.217385	95.640456	117.583879	116.755704	35.220255	21.388427	41.618939	27.990872	3.550644	6.410001	23.645360	43.491107	87.424847	16.728125	7.685930	49.526385	154.817770	53.587202	167.338852	12.916134	62.296051	37.267596	14.695011	15.666882	14.212136	1.417573	3.387895	1.647650	
3.710794	0.269580	23.646464	0.572316	103.671523	58.154662	72.632616	31.894040	12.477420	51.992972	113.968500	15.916044	145.101633	69.108511	19.083820	67.075069	5.647945	34.241823	30.898586	16.699082	34.700390	22.602509	25.332376	18.528355	3.743964	9.696767	2.884286	3.397127	7.970670	4.365162	4.435475	1.369697	
3.697181	7.829306	16.398897	18.405510	56.159463	31.907391	16.379649	5.156945	19.788940	97.830071	1.517313	6.767703	7.166326	70.266087	35.033902	108.874292	29.501996	36.274376	22.539193	5.937831	87.724856	27.839511	83.534350	4.308274	0.556497	41.222007	25.963001	6.940151	4.280752	8.062122	2.404143	0.659829	
1.728351	15.311462	9.282369	69.529023	95.240874	17.531378	0.906149	82.369524	117.023612	54.759398	100.448879	24.684254	163.291998	31.652347	14.031067	4.843033	1.312733	60.202706	61.387004	22.587787	28.120332	53.824855	63.817880	39.525794	25.874475	9.293190	30.940943	3.069535	9.335584	6.884319	3.616860	0.357242	
2.414317	13.564912	13.362386	59.374188	6.673320	51.438659	75.516711	92.781653	168.167248	129.522922	88.530366	87.910673	23.203500	1.552778	61.394014	90.455280	29.883440	15.684419	148.148756	28.880959	102.369809	44.255945	78.081229	9.155547	8.309871	24.574561	17.819846	31.723374	2.278847	0.110090	0.020897	1.713847	
4.236337	14.302232	25.478118	0.139257	21.700072	35.073227	86.376627	12.594160	76.628955	39.868948	153.526450	47.551587	133.830899	82.777459	146.310888	26.180340	125.086799	56.990247	29.986688	60.568638	116.930247	70.815543	8.036698	3.394058	10.013040	17.180135	11.925011	15.952047	11.242177	0.473792	1.904192	0.039803	
8.365782	10.192414	9.529113	34.858211	1.182114	20.874543	52.283901	38.245240	52.248178	116.186173	49.679650	168.480351	164.175114	116.228332	1.535711	13.933646	101.268359	63.339675	70.492441	114.487834	128.297341	49.516343	44.529950	25.814140	27.467027	39.845025	15.734219	6.584461	17.432045	5.980024	3.619596	0.926001	
1.390220	27.775473	6.910884	4.986192	74.899504	42.021417	31.741189	36.002122	44.267730	149.022927	21.226432	12.544071	75.447927	107.089490	41.449864	8.579467	36.441301	55.214409	54.071331	56.432896	52.579534	63.952758	39.358562	115.487481	33.905800	11.364263	5.828840	5.112305	5.402342	4.062395	1.125180	1.126318	
5.681081	2.686971	41.936510	67.985351	41.365521	52.456771	88.011519	30.545250	83.310101	5.916598	64.112396	26.889564	32.980924	8.677373	64.401120	16.095536	44.406094	82.508586	64.230748	40.194618	72.596537	32.313302	89.936010	23.753201	2.967618	38.400058	8.216460	36.007826	19.890008	2.139555	2.240346	0.327831	
0.180302	14.167141	11.900699	34.395813	41.430635	34.732594	42.215850	75.488938	10.367203	58.060651	33.052221	46.272572	6.663579	9.644590	11.767790	64.670216	37.062054	95.345644	97.231940	37.114235	55.450849	35.896458	12.724997	21.113704	6.885385	1.316794	11.219413	22.235809	12.744210	1.125643	1.153547	0.275878	
1.358468	2.221365	12.181085	0.542990	1.075629	0.821371	53.985151	12.812885	20.130867	42.991564	40.866813	10.354173	59.369777	107.423384	31.979177	75.498533	76.087113	4.889979	77.659889	43.447457	26.368860	18.929842	9.657535	7.994784	24.048163	4.038740	16.463193	7.276539	0.863223	4.190771	1.451137	0.577232	
1.567962	13.111509	7.724787	18.933407	25.732354	35.201030	6.267336	26.953159	10.924248	37.082136	11.668192	52.608981	53.122367	82.325207	37.901344	17.342565	108.715380	72.349551	51.369719	53.550750	9.506931	0.183277	32.233318	4.617430	12.385824	23.852069	21.460651	0.370907	0.275165	1.896767	0.950789	0.201363	
2.139021	2.153637	15.385405	1.474343	9.975477	2.710276	12.749319	5.471476	6.223108	11.013023	29.015238	18.240432	17.350928	12.946735	41.506018	32.624606	48.796740	44.343769	27.405605	21.079332	9.577660	18.681600	7.620740	15.112495	5.846302	13.502963	20.033036	8.795912	1.557959	0.456084	0.097632	0.357627	
0.833599	1.124167	0.583362	0.307687	0.461272	5.099915	9.754311	5.202828	4.531732	2.334081	8.366805	0.162966	9.950451	8.465061	3.499153	9.081635	0.490029	24.065685	32.104604	10.260689	3.541566	4.064424	1.886974	12.996302	2.768269	11.518135	6.444880	1.818261	2.172445	2.440397	0.528802	0.005656	
0.715204	0.157232	2.817617	2.229732	3.611398	3.072042	8.402663	21.026901	3.142858	7.105881	10.248072	2.581713	3.268049	8.523346	10.979807	0.370295	2.029582	10.742667	2.413326	4.275674	6.877635	2.713670	3.137594	7.889196	4.994284	4.556433	5.381532	0.278233	0.319015	0.917256	0.280695	0.358090	
0.128434	0.878065	1.047653	0.365644	1.556175	1.306775	0.584485	4.620476	8.965426	0.694080	1.069710	3.101010	0.644335	2.652631	3.435548	1.358794	1.222526	2.477417	1.157560	0.437591	2.063152	1.196298	2.413921	1.704282	0.399409	1.741910	0.454734	1.551622	0.400974	0.101760	0.148706	0.002172	
0.159515	0.163590	0.056970	0.312558	0.736694	2.509550	1.753852	1.183433	3.381566	0.386097	0.689696	0.043247	0.054412	1.267087	0.294211	1.029789	0.501910	0.313610	0.361321	0.498531	0.408448	0.118483	1.755707	0.856289	0.386141	1.372752	0.305194	0.047926	0.155225	0.025376	0.011812	0.132534	

0.378086	0.320758	1.615218	0.284940	0.218583	1.288349	0.579376	0.338648	0.085880	2.787508	0.684532	2.073690	0.046152	0.865557	0.597229	1.193825	1.243769	0.045625	0.145467	2.328764	2.725339	0.789285	3.049933	3.506426	0.792012	1.407933	0.710601	0.055664	0.888593	0.293065	0.164597	0.045210	
1.910155	0.430588	2.284910	2.764722	0.160438	0.271491	5.901549	2.948603	1.786951	2.791486	0.842839	1.229485	2.424141	4.161219	2.310763	7.063237	2.137464	0.793060	3.163572	1.211827	1.972530	3.944290	2.436328	6.985870	4.623371	1.864245	0.198244	2.827975	0.896949	0.067037	0.256051	0.028639	
1.079634	0.412219	2.337692	2.897300	2.840061	2.383892	11.202106	3.190135	9.054103	0.518302	14.744960	8.029786	4.495603	0.241988	5.253754	0.985983	1.513754	9.813401	8.525541	6.291559	1.422146	5.467652	4.962131	5.043931	10.833422	2.742014	4.904733	2.752064	2.742090	2.711251	0.446190	0.086922	
1.994085	3.114067	8.214074	10.409060	8.711380	3.687826	11.086337	11.464401	11.290865	4.035062	11.426310	5.029440	7.498677	6.166737	6.878573	7.264163	5.642503	1.994526	11.704166	6.600217	3.234727	15.307817	9.240954	16.258641	2.242564	2.483579	6.082822	2.874026	3.306524	1.464887	2.013971	0.506786	
3.824333	15.063930	6.933766	15.862976	19.749457	4.861906	12.956403	8.200182	4.857592	20.496227	40.683984	2.715669	7.804068	10.215183	51.019204	22.404053	40.818847	30.054490	52.956416	33.073061	5.931000	15.866493	31.694447	32.743722	16.628553	11.660006	1.868526	7.722647	7.418161	0.253804	1.155574	0.053029	
1.908135	11.366488	19.884335	5.160489	7.488022	4.990162	20.485662	5.746977	16.298060	16.256811	7.426521	30.356785	26.592441	16.322897	2.937682	16.192809	10.849476	25.206918	66.236705	22.653895	19.921331	2.205399	13.096209	4.473733	12.094765	6.383680	10.978226	12.923002	4.502822	3.128215	2.873867	0.632274	
1.875098	12.483774	2.052449	31.126972	21.013348	4.965791	64.347769	7.133240	9.196794	16.961398	64.995328	47.311408	21.448808	9.403938	53.498473	6.729477	56.012426	10.245174	25.979200	18.335108	73.668568	14.844623	14.103431	90.076663	13.300034	25.804279	0.243671	3.167880	9.973264	1.733898	1.507651	0.257781	
4.057033	7.676337	48.400608	15.256306	7.473606	24.897363	38.004217	0.228049	32.465633	24.478467	13.945804	47.273730	34.504924	133.557066	124.562452	51.922581	15.239233	30.060710	19.111574	88.709967	33.539698	25.728259	54.492296	9.589953	26.529168	6.970273	19.506856	30.081915	11.147201	1.259252	0.810030	1.322509	
9.024773	11.904361	24.887836	7.870185	24.749685	10.293260	74.795693	33.847827	10.161303	34.400595	53.897303	38.956789	60.357298	93.997447	92.280132	12.399429	63.591781	8.098874	79.122163	72.607394	16.889726	9.006584	7.413545	8.328221	16.170177	42.568276	12.868928	22.555164	18.507002	9.612864	1.233917	2.249791	
6.932223	2.713202	24.275951	2.163002	53.328028	64.652516	46.365973	17.512091	27.108839	17.429600	2.752320	63.086340	92.661483	41.588226	40.025923	41.840400	25.283196	5.684539	50.486494	78.989767	19.880665	5.984655	9.471341	67.887349	22.672441	20.895469	23.015313	7.259630	1.115585	4.048142	0.884886	0.712712	
2.194954	0.366924	14.742497	48.130274	34.662241	29.925599	35.353710	77.652387	18.295698	103.322880	22.318883	56.136727	165.953861	47.030864	5.379459	44.826399	22.479301	86.859627	6.132486	83.149522	69.193488	65.243294	65.316282	62.597726	20.401456	16.427137	29.714747	6.906839	10.539127	1.454383	4.552852	0.077286	
10.151863	10.334271	1.522414	8.188012	108.385533	42.968729	18.627598	26.780979	16.704361	85.457969	12.700145	83.645491	89.094170	26.693115	14.881694	38.953436	49.443081	167.499939	40.906933	61.872953	25.008151	50.491306	54.804531	47.072866	90.339622	27.542418	43.172189	23.765708	1.171056	2.743429	2.253944	1.179344	
3.579715	2.038762	18.803835	31.467213	62.164264	84.409918	44.504078	26.531088	103.551589	54.095770	15.515843	54.626109	28.669843	13.026571	57.823164	11.326541	18.240843	28.045817	9.345509	107.439621	11.213755	18.712972	13.169894	28.381857	18.399893	12.999494	18.704917	1.575585	0.572552	7.480836	0.611636	1.233438	
5.607650	2.518664	8.970039	20.643081	8.242893	2.389022	24.249509	38.769319	72.248981	73.576242	71.593001	56.790640	128.411558	32.427317	31.139941	60.259201	26.913535	50.855654	42.487835	76.625466	128.863277	46.880331	42.656176	5.727857	15.014828	17.789804	15.240424	24.887173	15.333766	2.420519	1.012690	3.336122	
4.615217	9.703920	15.044370	1.912181	13.173913	23.699879	18.654368	14.249279	60.959360	4.320347	17.186294	46.894025	95.742132	53.694905	58.866218	21.999198	46.623117	86.277617	74.663775	80.343462	0.130960	44.507483	61.040888	52.701420	15.503199	42.437844	13.871601	7.688800	19.743740	5.290410	2.044980	2.438666	
0.077565	9.785471	25.124411	22.089795	67.777833	40.758372	46.177307	160.149348	38.331989	34.009706	84.747627	35.318227	36.615716	2.390756	73.425184	71.196396	0.977801	32.637543	86.065344	98.028861	147.686670	102.438290	97.461591	15.471405	31.974439	5.502313	5.729476	2.244517	2.692975	10.576581	1.903226	1.935389	
1.491231	6.979781	20.567930	1.157629	74.562136	47.527542	67.907657	48.626859	52.905090	34.962395	74.559472	8.351795	168.603225	54.351266	26.917654	60.018951	41.130138	5.503020	54.783744	21.316501	23.980036	46.396265	118.975475	92.533253	2.091269	17.992268	5.762192	15.414048	6.844019	3.073156	3.588895	1.976247	
6.993132	0.876214	19.457113	14.656684	82.977694	6.427569	5.731427	23.295342	35.161214	5.627396	29.942564	22.053517	20.291327	68.856621	8.702582	17.025970	22.744104	59.346467	11.962652	1.455233	104.182315	12.676779	39.647392	46.637494	60.481479	7.938936	10.773593	9.317486	10.225463	6.719331	1.911620	0.615502	
6.372066	0.813435	1.465174	45.422446	83.198257	38.392267	1.357567	55.168246	115.575842	25.837091	31.881945	55.281681	20.742920	93.934619	37.113243	53.965806	33.933915	41.383047	104.336031	7.309350	9.691108	7.105565	36.350211	38.221450	13.493509	0.687512	12.176199	11.599175	6.104142	1.654849	2.751694	0.675835	
2.086992	6.837182	16.816438	51.863713	27.983269	32.331506	46.777712	45.285595	76.573835	13.472478	57.702055	91.041160	7.047484	13.651791	82.171267	19.386170	4.841983	0.840447	47.096019	5.951595	36.465259	4.659988	55.761810	15.792262	37.002124	2.691448	6.665659	13.379949	12.397196	7.935556	0.232581	1.509450	
1.914441	13.463102	7.916755	13.350821	33.973431	10.112238	52.054675	15.146305	16.538106	56.204212	152.944312	52.350092	10.579466	82.082248	84.721809	52.350914	90.301147	24.428349	29.648857	44.295974	42.484106	128.708076	33.117830	78.981494	6.580421	37.731939	30.433727	7.497400	6.000302	6.943501	3.638162	0.922202	
0.606679	10.511884	10.072757	20.395664	16.157443	24.902875	86.676739	4.177699	5.043213	3.185152	84.640234	45.240297	128.257025	95.329202	9.433887	31.138239	137.871658	120.933574	34.099745	131.030562	132.988692	34.198923	39.234537	3.943672	1.963694	6.114314	9.453917	8.149394	9.838337	3.252425	2.184358	0.251888	
1.230131	10.354595	6.147573	28.443440	72.629094	1.792034	8.511496	24.626406	17.287277	61.738865	4.451737	19.772453	32.446451	60.564588	7.034161	51.796315	91.855847	60.070802	29.008700	0.291246	31.282079	118.664753	53.043501	69.683653	42.706168	16.224741	14.864226	9.755911	10.513744	0.187020	1.291841	0.442763	
0.590139	0.488851	35.461667	49.038813	12.070436	24.343034	112.934353	8.907542	86.505987	35.786224	84.030676	16.131552	16.226674	31.139498	3.254591	45.377449	146.050049	4.570240	54.798046	19.881341	50.992154	52.501987	62.060835	34.481697	0.505385	28.178809	18.521451	7.009379	2.575882	3.352477	0.032228	1.823659	
1.244740	5.163754	1.544182	26.143403	4.081795	38.229591	35.134435	28.754523	21.041266	32.605548	40.036157	35.399325	2.764366	52.153680	27.145884	21.399294	58.645303	14.681075	124.878301	3.973097	26.646657	20.489407	2.110884	62.399941	1.575558	35.632827	39.382151	5.922744	8.194844	6.039622	1.281700	0.329964	
0.504486	3.886529	15.594196	19.615160	17.785545	12.955593	36.617018	16.090921	1.511165	21.366594	56.957634	36.046787	5.083971	4.362816	3.948959	70.010939	50.404465	5.606918	82.118461	52.727155	32.020593	15.183438	31.418894	4.130478	7.998762	2.206034	10.017335	5.099539	0.977731	1.959363	0.136452	0.438850	
3.007402	14.938050	1.806965	29.272494	15.755561	0.025300	7.487395	14.177459	23.057481	6.735869	6.240132	105.823003	12.969280	21.751679	19.161563	44.922990	51.675990	43.372268	9.808293	57.009794	47.218868	14.222083	35.730523	4.846640	10.155409	28.531295	14.118245	7.524211	4.743132	2.278753	1.192024	0.287589	
1.988169	1.366761	8.427130	3.098581	0.487386	1.865757	1.401662	1.722916	4.921840	7.921769	9.138645	20.624975	0.691432	0.947532	20.093712	6.692401	41.032511	17.100040	9.883719	36.502419	13.590165	3.008988	7.940387	7.012568	19.432058	0.542326	3.423721	3.273452	1.799767	2.004370	0.131327	0.634070	
0.034280	3.686930	2.119568	3.311421	6.295883	7.067675	6.510674	9.770588	1.752138	9.287598	6.352525	9.251308	14.390669	10.221819	1.822476	10.815212	7.386475	10.141474	22.917102	17.830840	5.760676	5.704295	0.596391	6.601108	1.187563	5.281552	0.034376	2.116159	1.909954	0.002959	0.135779	0.199864	
0.120941	0.018135	5.206336	0.170336	2.919989	3.567537	4.674869	20.080057	4.652474	10.192692	10.258818	0.689874	5.238284	2.198711	9.319586	1.341295	0.971029	12.630850	3.925621	6.554366	4.085275	4.300949	0.351414	8.169398	1.802589	2.785967	4.665328	1.231349	1.976698	0.553691	0.541141	0.305449	
0.115350	0.892543	0.538583	0.816561	2.010278	2.242157	0.895275	4.920478	3.596837	4.814482	6.955537	0.049860	1.740325	1.927725	2.514588	1.351483	1.344159	3.572187	0.954810	1.030112	1.266344	0.985417	0.943120	1.480635	0.192181	1.612991	0.012634	0.419842	0.203209	0.033837	0.211844	0.063110	
0.141751	0.172212	0.013395	0.271923	0.129204	2.446657	0.666583	0.264200	1.231727	0.288105	0.593774	0.178274	0.444625	1.669409	0.049747	0.709179	0.931825	1.043276	0.213821	1.105794	0.363571	0.034493	1.394084	0.915993	0.827850	0.076604	0.217864	0.128367	0.177852	0.092446	0.016261	0.009956	

