0.002904	0.001161	-0.002170	0.001942	0.002190	-0.001184	-0.000463	0.000335	0.001333	0.000597	0.002114	0.000930	0.001954	0.001379	0.003732	0.000891	0.000297	-0.000903	-0.000622	0.002158	-0.002222	-0.001754	-0.001482	-0.001932	0.001586	0.000306	-0.000771	0.000180	
0.000910	-0.001841	-0.000113	0.000838	0.003128	0.002719	0.005601	0.003047	0.007126	0.006853	0.006238	0.007084	0.005748	0.009928	0.000387	0.003159	-0.002172	0.002467	0.006593	0.006480	0.006089	0.003869	0.003096	0.002726	-0.002092	-0.001270	0.000208	-0.000506	
-0.002460	0.001362	0.000999	0.000271	0.002977	0.003338	0.006527	0.009721	0.010082	0.011652	0.012647	0.011421	0.015034	0.013320	0.012223	0.010027	0.007504	0.011480	0.013448	0.007990	0.011248	0.009577	0.008220	0.005894	0.003293	0.000699	0.002238	-0.000212	
0.001207	0.002351	-0.001880	-0.002399	0.004296	-0.003077	0.004202	0.002932	0.002655	0.004683	0.005048	0.006608	0.004749	0.005204	0.006655	0.007650	0.005126	0.008769	0.008898	0.007513	0.007459	0.007582	0.005889	0.005858	0.003090	0.003521	0.002960	-0.002035	
0.002510	0.001751	-0.004186	-0.003824	-0.005362	-0.000733	-0.000408	-0.002301	0.001960	-0.002423	0.000336	-0.005362	-0.000994	0.000253	-0.000374	0.001741	0.001058	-0.000524	0.001800	0.001746	-0.001831	-0.000852	-0.002074	-0.003764	-0.001169	-0.000950	-0.003810	0.002214	
-0.000533	0.000102	-0.000909	0.000788	-0.002097	-0.006988	-0.003570	-0.002394	-0.000131	-0.000900	-0.000790	-0.000645	-0.001163	-0.001018	-0.000673	-0.000111	0.000427	0.003682	-0.000249	0.001704	-0.002293	-0.005358	-0.005372	-0.005039	-0.005555	-0.004293	-0.003947	0.002384	
0.000231	0.000596	-0.004817	-0.000122	-0.002383	-0.001609	-0.001758	0.002419	0.001741	0.000656	0.000706	-0.001908	0.001546	-0.000932	-0.001575	-0.002662	-0.002133	-0.000028	-0.001618	-0.003918	-0.001041	-0.003689	0.001674	-0.005874	-0.007957	-0.004598	-0.003735	-0.004146	
-0.001311	0.000053	-0.001908	-0.004500	-0.002319	-0.005302	-0.001352	-0.001031	-0.001961	-0.001219	-0.002552	-0.003000	-0.005013	-0.003637	-0.005038	-0.001075	-0.003542	-0.000393	-0.000228	0.000833	-0.003934	-0.003069	-0.002905	-0.002377	-0.011210	-0.003491	-0.007156	-0.003280	
0.000263	-0.002683	-0.005169	-0.008285	-0.008119	-0.004079	-0.002260	0.000294	-0.004906	-0.001157	-0.003987	-0.000626	-0.005027	-0.006345	-0.001600	-0.003611	0.000306	-0.000532	0.000486	0.001308	-0.000312	0.000006	-0.001126	-0.000792	-0.007921	-0.006806	-0.003475	-0.004620	
0.001158	-0.003915	-0.008434	-0.006272	-0.005862	-0.003908	-0.003026	-0.003188	-0.001562	-0.002965	-0.002100	-0.002827	-0.004045	-0.005350	-0.005622	-0.005606	-0.003383	-0.001502	-0.000756	0.000703	0.002363	0.000098	-0.000412	-0.001496	-0.006834	-0.010359	-0.006408	-0.000466	
-0.003558	-0.008326	-0.006526	-0.007649	-0.005997	-0.004654	-0.000463	-0.002888	0.001316	-0.000996	-0.002597	-0.000470	0.000044	0.000751	-0.001938	-0.003427	-0.001536	-0.002281	-0.002624	0.000395	0.002613	-0.002449	-0.000231	0.000778	-0.003235	-0.008059	-0.007033	-0.003777	
-0.001369	-0.005529	-0.006128	-0.004557	-0.008136	-0.003276	0.000322	0.000152	-0.001953	0.001824	-0.001199	0.001832	-0.002596	-0.000324	-0.007416	-0.007239	-0.003516	-0.003943	-0.000393	0.001308	-0.000002	0.002307	0.000523	0.006102	-0.003198	-0.006092	-0.006899	-0.000599	
0.002798	-0.004072	-0.008011	-0.005395	-0.002655	-0.001206	0.002173	-0.000379	0.001515	0.003073	0.000030	0.002210	0.003059	-0.003072	-0.007041	-0.007832	-0.008416	-0.002866	-0.004115	-0.004949	-0.000342	0.001021	0.005998	0.005925	0.003045	-0.004974	-0.005615	-0.001686	
-0.000130	-0.003726	-0.008921	-0.002633	-0.001971	0.000701	0.004080	0.002897	0.001725	0.003962	0.005452	0.008525	0.000915	-0.002564	-0.008351	-0.008563	-0.007019	-0.002386	-0.004865	-0.000141	-0.000529	0.003303	0.007244	0.012211	0.008218	-0.002175	-0.003828	0.001027	
-0.000671	-0.004634	-0.005536	-0.006069	-0.003896	0.003587	0.008151	0.005193	0.003521	0.003235	0.010003	0.004513	0.002607	-0.005083	-0.005269	-0.008359	-0.003121	-0.002844	-0.005797	0.000168	0.001782	0.001650	0.007017	0.011472	0.007184	0.000198	-0.002216	0.002304	
0.000857	0.000020	0.000260	-0.005097	0.001041	0.006344	0.003439	0.003525	0.006031	0.004192	0.011437	0.004190	0.000011	-0.007359	-0.003566	-0.004227	-0.002335	-0.002110	-0.002927	-0.001960	0.003175	0.001610	0.003366	0.001669	0.003371	-0.000111	-0.002420	-0.001064	
-0.002689	0.000149	-0.000468	-0.005223	-0.000079	0.003193	0.003428	0.004274	0.005976	0.001220	0.006098	0.003957	-0.005207	-0.005787	-0.004713	-0.001495	-0.003048	-0.002034	0.000557	0.004538	0.000615	0.001665	-0.000463	0.000910	0.001772	0.002449	-0.001516	-0.001312	
0.003370	-0.000331	0.003430	-0.005398	-0.001362	0.003429	0.004598	0.005460	0.002867	0.001277	0.002331	-0.000158	-0.005577	-0.005043	-0.005910	-0.005175	-0.000154	0.002203	0.002230	0.003051	0.000583	0.002330	0.001885	-0.001900	-0.001856	0.000874	-0.002269	0.000677	
-0.001683	-0.000259	-0.001531	-0.007370	0.000622	0.001922	0.001972	0.007188	0.004495	0.006965	0.003230	0.004370	0.000416	-0.003928	-0.004165	0.001963	0.003540	0.003918	0.002153	0.001014	-0.000945	0.001364	0.003940	0.000798	0.000362	-0.000329	-0.006113	-0.002594	
-0.004723	0.000244	-0.001532	-0.004934	-0.001216	0.005676	0.000899	0.003633	0.002045	0.004447	0.010140	0.009570	0.007706	0.006941	0.002361	0.003172	0.000725	0.004410	0.002197	0.002275	0.002149	0.004163	0.000219	0.000579	0.001091	0.001166	-0.003098	-0.001097	
0.000376	0.002635	-0.002053	-0.001967	0.000212	0.002481	0.001036	0.002572	0.002772	0.004382	0.002311	0.003603	0.007416	0.006452	0.002976	0.005964	0.002240	0.000740	0.003033	0.001617	-0.001012	0.000924	0.001277	0.002705	0.001308	-0.005054	-0.000845	-0.000816	
-0.000223	0.001642	0.002373	0.000638	0.002315	0.000959	0.001667	0.000965	-0.000412	0.003480	-0.000122	0.006222	0.002174	0.004060	0.006625	0.003048	0.002681	0.003388	0.000844	0.000873	-0.000567	0.004160	-0.000718	0.003189	-0.000563	0.003689	0.004846	0.001681	
-0.003323	0.000431	0.002968	0.000685	0.001255	0.000299	0.001393	0.001507	0.001301	-0.000242	0.002618	0.000076	-0.002170	-0.000755	0.000551	0.000157	0.000297	0.000259	-0.000495	0.003399	-0.000454	0.003347	-0.000739	0.001616	0.000977	-0.000049	-0.001566	-0.001960	
0.000192	-0.001743	-0.000845	0.000031	-0.003530	-0.000049	-0.002799	0.002157	0.000686	0.004913	0.000422	-0.001568	0.000372	0.000405	-0.003203	0.001673	-0.003000	0.000500	0.000949	0.001208	0.003675	-0.001607	0.002322	0.000199	-0.002561	0.002493	-0.003442	0.002496	
-0.002211	-0.000182	-0.000031	-0.003495	-0.006050	-0.004444	-0.005290	-0.002723	-0.005170	-0.004426	-0.002320	-0.000005	-0.000814	-0.000593	0.000533	0.000285	0.002079	-0.000689	0.001197	-0.000983	-0.001771	-0.005817	-0.004498	-0.002590	-0.000229	0.002672	0.000937	-0.000016	
-0.000699	-0.001326	0.001037	-0.000364	-0.001525	-0.003725	-0.008674	-0.008113	-0.010242	-0.007326	-0.005655	-0.006298	-0.007936	-0.006539	-0.005213	-0.005038	-0.006659	-0.003874	-0.006937	-0.008430	-0.006668	-0.005422	-0.001462	-0.002536	-0.000307	0.003219	0.003750	-0.000799	
0.000796	0.001529	-0.001986	0.002412	-0.002873	-0.002527	-0.003637	-0.008544	-0.011231	-0.010379	-0.014058	-0.011680	-0.008868	-0.011432	-0.014958	-0.011985	-0.008804	-0.003960	-0.004468	-0.004254	-0.002269	-0.002106	-0.004259	-0.003407	-0.003142	-0.003161	-0.002427	0.000399	
-0.002067	0.000101	-0.000979	-0.004019	-0.003339	-0.002501	-0.007106	-0.003304	-0.006164	-0.004595	-0.006300	-0.006898	-0.006031	-0.014209	-0.008379	-0.011479	-0.010976	-0.010455	-0.004333	-0.006377	0.003008	0.001558	-0.001110	-0.001554	-0.000529	0.001727	-0.000696	0.000680	
