0.012563	-0.083014	0.034867	-0.000825	-0.076804	0.007159	0.019003	0.015991	-0.005791	0.015355	-0.050729	-0.019761	-0.059337	-0.073039	-0.067949	-0.036140	-0.047086	-0.011759	0.070804	-0.094373	0.031777	0.056632	0.037697	0.023987	-0.046499	-0.040909	0.028698	0.022355	
-0.006125	0.070385	-0.019781	-0.016724	-0.004161	-0.114808	-0.124326	-0.087473	-0.150238	-0.212506	-0.189479	-0.250324	-0.214729	-0.257335	-0.049968	-0.145419	-0.012451	-0.065443	-0.198905	-0.192661	-0.157541	-0.161312	-0.093583	-0.142966	0.067649	0.029240	0.032015	0.002128	
0.047876	-0.003349	-0.060819	-0.041596	-0.114733	-0.114947	-0.112855	-0.174137	-0.296442	-0.364874	-0.329086	-0.369810	-0.458066	-0.384786	-0.388538	-0.400422	-0.352969	-0.358639	-0.404782	-0.232331	-0.232969	-0.256789	-0.215584	-0.143550	-0.151223	-0.016027	-0.024431	0.029279	
-0.018209	-0.036887	-0.021299	0.019230	-0.084871	0.093914	-0.134378	-0.071580	-0.154667	-0.280844	-0.309874	-0.285712	-0.321065	-0.377184	-0.334974	-0.359876	-0.241361	-0.259463	-0.226772	-0.175893	-0.107220	-0.177620	-0.139870	-0.105884	-0.083281	-0.096123	-0.087035	0.017697	
-0.000709	-0.045608	0.061581	0.050774	0.135369	-0.006197	-0.048373	0.020499	-0.117926	-0.082919	-0.100988	0.026601	-0.148532	-0.106730	-0.048644	-0.118969	-0.132526	-0.065110	-0.054539	-0.064111	0.045278	0.033937	0.063257	0.122224	0.123485	0.087046	0.087726	-0.010205	
-0.034920	0.038006	-0.078150	-0.063287	0.020861	0.103165	0.127603	0.029306	-0.018087	-0.004008	-0.040061	0.006494	-0.043688	-0.039577	-0.000117	-0.070560	-0.039598	-0.065866	0.057061	-0.008956	0.040638	0.075652	0.150158	0.159884	0.190141	0.155881	0.083973	-0.056919	
0.029931	-0.020226	0.109620	-0.037367	-0.010759	0.007986	-0.015568	-0.065363	-0.087980	0.046024	0.005783	0.100152	0.028043	0.019938	-0.014309	0.068790	0.115900	0.035111	-0.030130	0.111870	0.042580	0.124732	0.025741	0.152360	0.203160	0.114609	0.065335	0.093329	
0.020194	-0.008345	0.097967	0.050710	-0.016441	0.079546	0.060748	0.062839	0.099833	0.084510	0.071483	0.094057	0.149936	0.065706	0.098212	-0.012540	0.121340	0.006895	0.095171	0.021694	0.099697	0.068171	0.068203	0.038313	0.294102	0.060440	0.079418	0.012121	
-0.001214	0.066595	0.201279	0.181399	0.112222	0.070801	-0.018786	0.047913	0.114686	-0.016365	0.135803	0.067713	0.073266	0.133654	0.015620	0.022319	0.010154	0.051691	0.089347	0.064556	0.049673	0.137562	0.052093	0.117244	0.239234	0.154624	0.044013	0.096029	
-0.028285	0.144626	0.201484	0.107888	0.074494	0.074914	0.067585	0.118796	0.070347	0.100041	0.076580	0.134723	0.186980	0.121510	0.038313	0.098414	0.121838	0.108635	0.105753	0.099856	0.040480	0.054331	0.089877	0.016283	0.135904	0.227931	0.101530	0.050119	
0.083961	0.198156	0.165916	0.175575	0.056012	0.064509	0.045195	0.072591	0.060626	0.159017	0.132697	0.194371	0.141335	0.034902	-0.019968	0.048356	0.128890	0.178373	0.139613	0.135323	0.051748	0.108422	0.015810	0.046071	0.019139	0.174469	0.045526	0.109612	
0.037295	0.107409	0.193438	0.131159	0.268207	0.142234	0.138678	0.136308	0.228991	0.179312	0.223086	0.161903	0.184509	0.098385	0.042069	0.194670	0.179242	0.241185	0.102760	0.101298	0.097009	0.077270	0.098462	-0.141677	0.039737	0.040497	0.075154	-0.011352	
-0.095682	0.107633	0.285539	0.219394	0.154663	0.168349	0.094146	0.194419	0.120884	0.070518	0.116070	0.030384	-0.046623	0.088770	0.055852	0.189649	0.335930	0.226982	0.206540	0.130255	0.086934	0.014670	-0.029831	-0.074775	-0.130862	0.057110	0.052970	0.008242	
-0.060293	0.126401	0.239289	0.148724	0.207809	0.144770	0.066052	0.090749	0.125278	0.017108	-0.068018	-0.138110	0.049378	-0.024546	0.105083	0.243856	0.294934	0.207978	0.165497	0.114653	0.151376	0.055359	-0.121059	-0.245745	-0.278443	0.019236	0.056125	-0.067241	
0.031628	0.046941	0.163384	0.184607	0.257483	0.165534	0.056821	-0.007145	0.040362	0.019507	-0.183566	-0.099025	-0.070176	0.020074	0.042348	0.223914	0.167657	0.176593	0.236869	0.084554	0.051004	-0.044235	-0.067281	-0.263446	-0.218474	-0.051172	-0.085381	-0.058425	
-0.029981	-0.035205	0.029090	0.204839	0.018746	-0.034094	0.060730	0.025336	-0.039197	-0.049134	-0.269017	-0.099550	-0.013875	0.085175	-0.001512	0.137751	0.203207	0.158818	0.177597	0.107549	-0.034644	0.070920	-0.026900	-0.086967	-0.264967	-0.055234	-0.059446	0.062123	
0.111916	-0.074275	-0.094510	0.097951	0.005580	-0.071132	0.024407	-0.047461	-0.081874	-0.078704	-0.087342	0.006905	0.145230	-0.052488	0.026581	0.149050	0.228188	0.185939	0.040964	-0.104381	0.003778	-0.097158	-0.029227	-0.150055	-0.184017	-0.207911	-0.060747	-0.034951	
-0.043447	-0.010961	-0.089511	0.067800	-0.063291	-0.140471	-0.092318	-0.074843	-0.019936	0.011860	-0.024124	0.015158	0.133746	0.018197	0.107375	0.235759	0.055347	0.038130	-0.057282	-0.098185	-0.045127	-0.099910	-0.125416	-0.075358	-0.146744	-0.158498	-0.114348	-0.099628	
0.087718	-0.033841	0.037702	0.117292	-0.101332	-0.115252	-0.064979	-0.135316	-0.097513	-0.149918	-0.036173	-0.158941	-0.050465	0.078876	0.029586	0.003081	-0.109803	-0.097859	-0.139136	-0.074600	-0.104082	-0.136967	-0.220281	-0.181160	-0.134828	-0.102794	0.135954	0.007548	
0.096919	0.079173	0.041481	-0.022833	-0.107858	-0.210665	-0.054663	-0.110013	-0.029424	-0.123883	-0.273747	-0.255356	-0.236992	-0.155694	-0.061762	-0.097940	-0.103091	-0.190039	-0.136624	-0.127495	-0.176742	-0.218701	-0.123918	-0.179211	-0.061702	-0.134399	0.053109	-0.054504	
-0.008359	-0.050808	-0.020425	-0.122293	-0.175058	-0.177951	-0.061854	-0.174882	-0.136902	-0.182286	-0.217678	-0.176424	-0.218630	-0.167130	-0.162423	-0.196825	-0.083681	-0.120651	-0.147416	-0.049586	-0.028195	-0.085755	-0.135348	-0.112348	-0.122206	0.030740	0.001917	-0.048820	
0.013928	-0.053758	-0.122618	-0.248970	-0.242055	-0.135988	-0.092369	-0.113973	-0.026319	-0.131474	-0.059839	-0.163154	-0.070378	-0.096481	-0.165161	-0.116239	-0.064499	-0.094558	-0.073539	-0.130806	-0.056598	-0.138275	-0.113175	-0.183143	-0.018769	-0.207080	-0.164946	-0.009207	
0.071452	0.031328	-0.141701	-0.265909	-0.202361	-0.193977	-0.150726	-0.073670	-0.087230	-0.020311	-0.043868	0.000796	0.058512	0.046097	0.055299	0.020495	-0.035696	-0.031556	-0.003216	-0.097499	-0.076135	-0.035692	-0.058146	-0.051123	-0.058193	0.012473	0.038666	-0.025830	
0.058438	0.035525	-0.080540	-0.166826	-0.061299	-0.070714	-0.030764	-0.108636	-0.043732	-0.175554	0.021860	-0.020562	-0.016168	0.047532	0.064953	-0.064159	0.122878	-0.008172	-0.004810	-0.040219	-0.034972	0.052984	-0.037102	-0.037763	0.019503	-0.052762	0.001096	0.015316	
0.046416	0.043770	0.018142	0.087666	0.169220	0.135547	0.029551	0.080544	0.165819	0.054746	0.071665	-0.059707	0.023150	0.028143	-0.082575	0.031887	-0.048627	0.066012	0.017108	0.098066	0.147430	0.199307	0.091823	0.050146	-0.073155	-0.108712	-0.095167	-0.051692	
-0.005073	0.051142	-0.053198	0.022569	0.119892	0.214452	0.295275	0.283567	0.279616	0.277027	0.205525	0.183195	0.272689	0.194680	0.168108	0.176322	0.214412	0.174847	0.279419	0.295660	0.343883	0.261881	0.079546	0.042777	0.074132	-0.092242	-0.115984	0.083314	
-0.037713	0.002900	0.021117	-0.048087	0.086704	0.115337	0.290890	0.346617	0.387629	0.419660	0.445417	0.425667	0.353945	0.431957	0.551710	0.474840	0.365789	0.216702	0.212128	0.128358	0.084785	0.099252	0.156752	0.164575	0.055884	0.136413	0.066918	-0.007672	
0.074154	0.074611	0.038500	0.092345	0.076195	0.078808	0.195452	0.133389	0.159498	0.213859	0.257452	0.174281	0.202444	0.369798	0.325065	0.340602	0.311244	0.339335	0.192362	0.185548	0.036064	-0.063507	0.136645	0.047127	-0.001673	-0.052748	-0.031544	-0.035373	
