-0.016653	0.010463	-0.001219	-0.007804	-0.034283	-0.004007	0.014938	-0.026696	-0.026160	-0.012792	-0.014100	-0.004590	-0.001012	-0.004284	-0.016877	0.020810	-0.009553	0.012479	0.010391	0.000335	0.003286	0.003887	0.022446	0.021883	-0.034236	-0.000148	-0.009314	-0.014022	
0.003013	-0.012401	0.007175	0.029672	-0.008197	0.011274	-0.016714	0.007332	-0.009701	0.010899	-0.026542	-0.007492	-0.008730	-0.003588	0.020496	0.004117	0.041815	-0.001328	-0.027969	-0.022079	-0.010764	0.015139	0.003398	-0.019268	-0.006436	-0.005782	-0.005880	0.002245	
0.014232	-0.020571	0.015489	-0.000956	-0.003880	-0.017226	-0.014459	-0.028269	-0.048427	-0.077491	-0.048551	-0.052972	-0.062443	-0.048981	-0.019957	-0.034578	-0.024117	-0.043031	-0.051813	-0.061194	-0.060019	-0.052281	-0.044933	-0.046243	-0.045031	-0.013606	-0.000944	-0.007790	
-0.017826	-0.015317	0.020041	0.006034	0.001961	0.004878	-0.018687	-0.013182	-0.007696	-0.005527	-0.012408	-0.021324	-0.009437	0.008401	-0.011601	0.003591	-0.022401	-0.044318	-0.047721	-0.036080	-0.081143	-0.051513	-0.066308	-0.082661	-0.051429	-0.030881	0.007979	-0.001477	
-0.012468	0.032913	0.006424	0.041763	0.025028	-0.003234	-0.000716	0.005602	-0.005363	0.004224	0.006899	0.052503	0.023294	0.028202	0.028474	0.024516	0.012265	0.031066	0.008241	-0.008619	0.012201	-0.005917	0.000253	0.009350	-0.014071	0.010144	0.017303	-0.021235	
-0.002656	-0.001041	0.001127	0.018944	0.003678	0.022013	0.012129	0.025900	0.001761	0.014410	0.013249	0.016771	0.035264	0.028867	0.009723	-0.005408	0.001112	-0.014036	0.010996	-0.022352	0.013030	0.007603	0.020467	0.017179	0.026266	0.036017	0.022534	-0.039011	
-0.016391	0.016198	0.022188	0.016086	0.032207	0.039794	0.021918	-0.003653	-0.015265	-0.018818	0.033286	0.002340	0.003252	0.016907	0.034149	0.012367	0.018219	0.003376	0.024863	-0.003300	0.011930	0.005530	0.003921	0.022779	0.043142	0.055120	0.039590	0.060868	
0.017628	0.037502	-0.003721	0.023228	0.018683	0.025423	0.006968	0.018940	0.018260	-0.006009	0.007410	0.015222	0.020477	0.043146	0.033454	0.020544	0.035917	0.040061	0.028980	0.028209	0.037851	0.029002	0.001334	0.034220	0.059646	0.072055	0.055215	0.046675	
-0.010208	0.027406	0.038129	0.061739	0.017119	0.016708	0.021137	0.012435	-0.006220	0.018862	0.018127	0.032699	0.045957	0.052167	0.062087	0.061488	0.042319	0.049689	0.040787	0.016626	0.036257	-0.000076	0.018804	-0.004405	0.103209	0.086023	0.064160	0.022642	
0.035214	0.040703	0.062249	0.032035	0.041469	0.018141	0.008455	0.019849	0.005502	-0.008435	0.001411	0.023675	0.037246	0.025810	0.062859	0.045870	0.050741	0.040357	0.044454	0.035812	0.014634	0.015960	0.014505	0.032342	0.101542	0.130371	0.067487	0.013424	
0.035621	0.046637	0.060708	0.061316	0.042598	0.016773	0.010361	0.036430	-0.002403	0.032706	0.000660	-0.002954	0.008279	0.020614	0.051427	0.066789	0.030739	0.026440	0.027970	0.006347	0.010583	0.011986	-0.011232	0.028509	0.076411	0.132756	0.110195	0.032539	
0.009500	0.043132	0.065213	0.035261	0.014909	0.003234	0.014247	-0.005049	0.009643	-0.022675	-0.004023	-0.004806	-0.029606	0.008552	0.063149	0.041636	-0.024490	0.008704	0.009448	0.009344	0.003467	-0.004854	-0.025926	-0.015469	0.070447	0.106795	0.090064	0.019467	
-0.002403	0.059132	0.038591	0.037391	-0.008108	0.020381	0.017945	0.023485	-0.017527	-0.022557	-0.014689	-0.032852	-0.012653	0.019560	0.026632	0.012144	-0.008658	-0.008646	-0.005827	0.009695	-0.016853	-0.011386	-0.026865	-0.022461	-0.018403	0.038132	0.041349	0.012659	
0.006842	0.028655	0.048159	0.015949	0.018241	0.008987	-0.031000	-0.015430	0.004881	0.005656	-0.013109	-0.057190	-0.019461	0.011605	0.016377	-0.025095	-0.034748	-0.030295	-0.013292	-0.015671	-0.039115	-0.046412	-0.032146	-0.038539	-0.018833	0.006621	0.005385	-0.020380	
0.017279	0.035324	0.055822	0.010515	0.008999	-0.022323	-0.035400	-0.031981	-0.028968	-0.001759	-0.045537	-0.065574	-0.033386	-0.011834	0.003502	-0.002320	-0.018856	-0.009423	-0.000380	-0.017369	-0.021006	-0.017776	-0.040831	-0.039617	0.003010	-0.010227	-0.033838	-0.018481	
-0.009280	0.011024	0.013966	0.012798	-0.012633	-0.018161	-0.000780	-0.016394	-0.020381	-0.022008	-0.057326	-0.047635	-0.022961	0.007412	-0.026667	-0.024865	-0.030485	0.001771	0.001426	0.008872	-0.005040	-0.034424	-0.002955	-0.014144	0.001144	-0.038328	-0.036255	-0.005722	
0.008114	0.015810	0.031723	0.023982	0.020963	0.006197	-0.022754	-0.024249	-0.031162	-0.024289	-0.055303	-0.046491	-0.019076	-0.004751	-0.012213	-0.051467	-0.014026	-0.022136	-0.000904	-0.008856	-0.008813	-0.006830	-0.005718	0.012472	-0.001400	-0.037830	-0.036329	0.013754	
-0.009054	0.024586	0.012622	0.042754	0.050603	0.006497	0.011791	-0.023376	-0.009944	-0.009064	-0.052419	-0.049721	-0.022856	0.005499	-0.023479	-0.039138	0.009228	0.026058	0.023284	0.016739	0.012431	-0.016812	-0.016458	0.018819	-0.014941	-0.077335	-0.019903	0.020765	
-0.005489	0.013554	0.033352	0.040166	0.029769	0.027518	0.019494	-0.035216	-0.019626	-0.034088	-0.042869	-0.047235	-0.031380	-0.025953	-0.003581	-0.005357	-0.004947	0.020008	-0.003030	0.001441	0.002981	-0.011984	-0.020506	0.000469	-0.037157	-0.043140	0.008952	0.003500	
0.004450	0.018293	0.065099	0.033771	0.023673	0.019728	0.034014	0.001309	-0.001383	-0.009257	-0.038564	-0.034106	-0.037508	0.004159	-0.003659	-0.010792	0.009396	0.019213	-0.000208	-0.009719	-0.019314	-0.024645	0.003320	-0.017317	-0.035226	-0.042053	-0.016803	-0.003232	
0.008612	0.021184	0.034905	0.045307	0.031115	0.037934	0.053062	0.021260	0.018977	0.010941	-0.003627	0.008230	-0.001979	-0.003122	-0.007160	0.004358	-0.010772	0.005060	-0.016492	-0.027142	-0.014673	-0.032232	-0.010186	-0.041381	-0.041231	-0.019277	-0.019756	0.045685	
0.025858	0.016173	0.018163	0.005797	-0.014104	0.008346	0.025101	0.037233	0.026032	0.004175	0.024075	0.000144	0.000987	0.000706	0.009760	0.002515	-0.005930	-0.003411	-0.001043	-0.041449	-0.017324	-0.041308	-0.003249	-0.018511	-0.047044	-0.017562	-0.012182	-0.015939	
0.026808	0.007515	0.009478	0.004434	0.004129	0.032256	-0.001375	0.001387	-0.000811	0.026512	0.016084	0.025253	0.005842	0.016756	-0.018908	0.014080	0.031236	-0.014570	-0.007854	-0.049457	-0.021831	-0.053323	-0.020541	-0.051495	-0.033212	0.001414	0.031853	-0.007112	
-0.008094	0.036945	0.044528	0.011719	0.013530	0.023030	0.018288	-0.000965	0.014275	0.014523	0.002953	0.028321	0.023536	0.008307	0.034548	0.006040	0.015653	0.008670	-0.011511	-0.062940	-0.041257	-0.034058	-0.027424	0.012480	-0.000822	-0.000218	0.007929	-0.000650	
0.009151	-0.003819	0.024259	0.015328	0.055506	0.043795	0.034392	0.014646	0.015803	0.029470	0.019147	0.011418	0.008389	0.025053	0.022069	0.014610	-0.013923	0.011117	0.014261	-0.010188	0.001180	0.001091	0.002944	0.005139	0.006245	-0.015843	-0.003605	0.007252	
-0.007327	-0.022972	0.034815	0.006748	-0.016076	0.021228	0.025430	0.027769	0.087458	0.055273	0.052195	0.087899	0.079142	0.065529	0.050076	0.037552	0.038231	0.041506	0.059012	0.055816	0.047855	0.029237	0.014343	0.057698	0.020862	-0.005077	0.018701	-0.001246	
-0.002123	-0.019151	0.002670	0.015239	-0.012127	-0.026267	-0.015324	0.043373	0.050060	0.035698	0.048839	0.060902	0.050867	0.053019	0.082319	0.073497	0.077061	0.051666	0.035872	0.036207	0.031342	0.039806	0.025487	0.000320	0.011624	0.008148	0.003074	-0.000491	
0.018280	0.007965	-0.005950	0.008244	-0.008279	0.009848	0.039307	0.016169	0.054851	0.031769	0.053135	0.049345	0.026317	0.084365	0.049289	0.053302	0.064075	0.077400	0.045170	0.038871	-0.001741	-0.001498	0.008633	0.020071	0.004917	0.001689	0.000546	0.010126	
