0	478	479	480	481	482	483	484	485	486	487	488	489	490	491	492	493	494	495	496	497	498	477	499	476	474	453	454	
455	456	457	458	459	460	461	462	463	464	465	466	467	468	469	470	471	472	473	475	500	501	502	528	529	530	531	532	
533	534	535	536	537	539	550	540	541	542	543	544	545	546	547	548	549	527	526	525	524	503	504	505	506	507	508	509	
510	511	512	513	514	515	516	517	518	519	520	521	522	523	452	451	450	400	378	379	380	381	382	383	384	385	386	387	
388	389	390	391	392	393	394	395	396	397	398	377	399	376	374	353	354	355	356	357	358	359	360	361	362	363	364	365	
366	367	368	369	370	371	372	373	375	401	425	402	428	429	430	431	432	433	434	435	436	437	438	439	440	441	442	443	
444	445	446	447	448	427	449	426	424	403	404	405	406	407	408	409	552	411	412	413	414	415	416	417	418	419	420	421	
422	423	538	551	564	553	637	636	635	634	633	632	631	630	629	732	742	720	733	697	695	628	627	626	638	624	625	622	
613	612	623	639	614	615	616	617	618	619	620	621	692	665	758	783	757	715	752	738	699	727	609	580	578	577	576	575	
574	573	572	571	570	569	568	567	671	751	744	743	765	780	771	719	700	756	747	710	775	779	566	565	610	563	562	561	
560	559	558	557	556	555	554	694	776	782	762	749	759	745	660	642	664	673	755	772	781	741	579	581	608	582	607	606	
605	604	603	602	601	600	599	736	774	767	723	713	690	675	598	597	596	654	753	768	730	650	595	594	593	592	591	590	
589	588	587	586	585	584	648	693	739	647	748	714	583	352	410	350	174	735	657	734	684	111	112	113	114	115	116	117	
118	120	129	121	122	123	708	740	717	731	728	124	125	126	127	681	718	666	766	761	691	128	110	119	109	97	89	351	
91	92	93	94	95	96	677	696	701	676	98	107	99	100	101	711	678	746	764	683	102	103	104	105	106	108	131	152	
132	155	156	157	158	159	160	161	162	164	173	165	166	167	661	760	754	750	704	168	169	170	171	172	154	163	153	141	
133	134	135	136	137	138	139	140	142	151	143	144	145	146	769	778	770	725	147	148	149	150	88	130	87	42	23	24	
25	26	27	28	29	30	32	41	33	34	35	36	37	705	773	777	763	682	38	39	40	22	31	21	9	1	2	3	
4	5	6	7	8	10	19	11	12	13	14	15	640	672	712	702	669	641	16	17	18	20	43	64	44	67	68	69	
70	71	72	73	74	76	85	77	78	79	80	643	680	679	737	729	662	81	82	83	84	66	75	65	53	45	46	47	
48	49	50	51	52	54	63	55	56	57	663	706	646	722	709	644	58	59	60	61	62	86	175	262	176	287	288	289	
290	291	292	293	294	296	305	297	298	299	689	724	721	716	300	301	302	303	304	286	295	285	273	265	266	267	268	269	
270	271	272	274	283	275	276	277	278	685	688	656	687	655	279	280	281	282	284	307	328	308	331	332	333	334	335	336	
337	338	340	349	341	342	343	344	345	670	707	726	703	346	347	348	330	339	329	317	309	310	311	312	313	314	315	316	
318	327	319	320	321	322	323	324	658	686	698	674	651	325	326	264	306	263	218	199	200	201	202	203	204	205	206	208	
217	209	210	211	212	213	214	215	667	668	659	652	216	198	207	197	185	177	178	179	180	181	182	183	184	186	195	187	
188	189	190	191	192	193	194	196	645	649	653	219	240	220	243	244	245	246	247	248	249	250	252	261	253	254	255	256	
257	258	259	260	242	251	241	229	221	222	223	224	225	226	227	228	230	239	231	232	233	234	235	236	237	238	90	611	
