111	491	492	493	494	495	496	497	498	499	500	501	502	503	504	505	506	507	508	509	510	511	490	489	488	476	467	468	
469	470	471	472	473	474	475	477	487	478	479	480	481	482	483	484	485	486	512	514	561	515	540	541	542	543	544	545	
546	547	548	549	550	551	552	553	554	555	556	557	558	559	560	539	538	537	525	516	517	518	519	520	521	522	523	524	
526	536	527	528	529	530	531	532	533	534	535	466	513	465	415	393	394	395	396	397	398	399	400	401	402	403	404	405	
406	407	408	409	410	411	412	413	392	391	390	378	369	370	371	372	373	374	375	376	377	379	389	380	381	382	383	384	
385	386	387	388	414	416	463	417	442	443	444	445	446	447	448	687	685	711	48	673	449	450	451	452	453	454	455	456	
457	458	459	460	461	462	441	440	439	427	418	419	420	693	694	747	45	735	64	677	421	422	423	424	425	426	428	438	
429	430	431	432	433	434	563	436	437	464	562	676	729	25	745	734	42	707	19	22	47	664	663	662	660	659	658	657	
656	644	653	652	651	650	649	648	647	65	41	16	30	11	18	20	58	55	14	23	44	646	645	667	654	666	661	665	
655	642	602	585	586	587	588	589	590	702	21	15	1	32	6	57	591	46	5	4	38	593	601	594	595	596	597	564	
598	599	600	584	592	583	572	565	566	2	9	0	3	7	51	567	568	28	12	10	40	569	570	571	573	581	574	575	
576	577	578	579	580	582	603	622	604	52	8	24	56	625	626	627	628	36	39	13	49	629	630	631	633	641	634	635	
636	637	638	639	640	624	632	623	612	605	606	607	608	609	610	611	613	691	686	684	699	621	614	615	616	617	618	619	
620	368	435	366	301	132	133	134	135	136	137	138	139	704	719	744	726	724	761	739	672	140	141	142	143	144	145	367	
131	147	130	128	113	114	115	116	117	118	680	721	737	762	753	757	727	728	710	700	119	120	121	122	123	124	125	126	
127	129	148	149	150	170	171	172	669	701	776	773	760	752	770	758	750	54	61	678	67	173	174	175	176	178	186	179	
180	181	182	183	184	185	169	679	716	769	774	742	698	168	703	772	696	730	62	765	714	682	167	166	151	152	153	154	
155	156	157	158	159	160	670	720	751	668	759	697	161	695	778	763	29	27	60	53	738	766	743	708	741	162	163	164	
165	112	177	110	99	671	37	754	718	736	71	72	713	771	775	59	705	74	690	717	767	781	780	782	783	73	75	101	
77	95	96	97	98	692	17	733	63	674	715	749	777	35	706	683	76	100	102	109	103	756	764	779	722	104	105	106	
107	108	94	93	92	748	26	732	723	688	755	34	50	712	675	91	90	89	88	87	86	85	84	83	82	81	80	79	
78	187	321	189	188	768	689	709	33	725	31	43	66	70	302	303	304	305	306	307	308	309	310	311	312	313	314	315	
316	317	318	319	300	681	740	731	746	68	69	299	298	287	279	280	281	282	283	284	285	286	288	297	289	290	291	292	
293	294	295	296	320	322	365	323	346	347	348	349	350	351	352	353	354	355	356	357	358	359	360	361	362	363	364	345	
344	343	332	324	325	326	327	328	329	330	331	333	342	334	335	336	337	338	339	340	341	278	277	276	275	212	213	214	
215	216	217	218	219	221	230	222	223	224	225	226	227	228	229	211	220	210	198	190	191	192	193	194	195	196	197	199	
208	200	201	202	203	204	205	206	207	209	231	232	233	256	257	258	259	260	261	262	263	264	265	266	267	268	269	270	
271	272	273	274	255	254	253	242	234	235	236	237	238	239	240	241	243	252	244	245	246	247	248	249	250	251	146	643	
