204	495	496	497	498	499	500	501	502	504	513	505	506	507	508	509	510	511	512	494	503	493	481	473	474	475	476	477	
478	479	480	482	491	483	484	485	486	487	488	489	490	492	515	536	516	539	540	541	542	543	544	545	546	548	557	549	
550	551	552	553	554	555	556	538	547	537	525	517	518	519	520	521	522	523	524	526	535	527	528	529	530	531	532	533	
534	472	514	471	426	407	408	409	410	411	412	413	414	416	425	417	418	419	420	421	422	423	424	406	415	405	393	385	
386	387	388	389	390	391	392	394	403	395	396	397	398	399	400	401	402	404	427	448	428	451	452	453	454	455	456	457	
458	460	469	461	462	463	464	465	466	467	468	450	689	709	692	693	725	26	701	55	745	723	53	34	459	449	437	429	
430	431	432	433	434	384	436	438	47	42	742	44	33	764	774	15	27	12	734	16	744	32	10	38	447	439	440	441	
442	443	444	445	446	470	558	716	717	19	694	59	743	765	732	690	711	760	740	741	746	715	46	645	646	647	648	658	
659	661	683	655	654	653	652	696	17	749	39	724	776	775	781	777	771	782	666	665	664	642	657	640	599	581	582	583	
584	589	591	592	593	594	595	596	687	14	30	35	704	721	705	578	739	761	561	562	563	567	569	577	570	571	572	573	
574	575	576	598	600	639	601	622	623	58	63	5	6	729	624	625	626	627	628	629	630	631	632	633	634	635	636	637	
638	621	620	619	609	602	603	604	605	606	607	4	0	28	691	608	610	618	611	612	613	614	615	616	617	585	641	566	
565	564	568	579	580	597	590	588	587	586	560	45	7	766	751	667	668	670	671	675	676	681	650	656	651	649	644	643	
660	662	682	663	680	679	678	677	674	673	672	669	36	752	762	8	9	62	435	382	139	140	141	142	143	144	145	383	
148	157	149	150	151	152	153	154	155	156	138	147	137	706	769	708	3	18	52	125	117	118	119	120	121	122	123	124	
126	135	127	128	129	130	131	132	133	134	136	158	159	160	61	25	1	11	65	60	183	184	185	186	187	188	189	190	
191	192	193	194	195	196	197	198	199	200	201	182	181	180	169	43	22	2	13	29	161	162	163	164	165	166	167	115	
168	170	179	171	172	173	174	175	176	177	178	116	202	114	89	85	81	756	759	755	57	79	78	77	75	74	73	72	
71	70	69	106	105	104	103	102	101	100	99	98	97	96	713	56	54	757	700	727	684	93	66	92	94	95	107	108	
109	110	111	112	91	113	90	88	67	68	76	80	50	753	730	707	735	779	747	37	82	83	84	86	87	203	337	205	
317	318	319	320	321	322	323	324	325	326	702	718	697	40	695	767	41	733	49	327	328	329	330	331	332	333	334	335	
316	315	314	303	295	296	297	298	710	720	768	699	51	21	750	722	48	685	299	300	301	302	304	313	305	306	307	308	
309	310	311	312	336	338	698	728	736	770	748	738	31	23	20	686	381	339	362	363	364	365	366	367	368	369	370	371	
372	373	374	375	731	763	780	712	758	773	24	754	703	64	376	377	378	379	380	361	360	359	348	340	341	342	343	344	
345	346	347	349	772	783	778	737	714	726	719	688	358	350	351	352	353	354	355	356	357	294	293	292	291	228	229	230	
231	232	233	234	235	237	246	238	239	240	241	242	243	244	245	227	236	226	214	206	207	208	209	210	211	212	213	215	
224	216	217	218	219	220	221	222	223	225	247	248	249	272	273	274	275	276	277	278	279	280	281	282	283	284	285	286	
287	288	289	290	271	270	269	258	250	251	252	253	254	255	256	257	259	268	260	261	262	263	264	265	266	267	146	559	
