192	494	495	496	497	498	499	500	501	502	503	504	505	506	507	508	509	510	511	512	513	514	493	492	491	479	470	471	
472	473	474	475	476	477	478	480	490	481	482	483	484	485	486	487	488	489	515	517	564	518	543	544	545	546	547	548	
549	550	551	552	553	554	555	556	557	558	559	560	561	562	563	542	720	781	783	541	540	528	519	520	521	522	523	524	
525	526	527	529	539	530	531	532	533	534	535	536	537	538	469	730	769	779	778	468	467	466	397	398	399	400	401	402	
403	404	405	407	417	408	409	410	411	412	413	414	415	48	9	6	39	14	60	416	396	406	395	382	373	374	375	376	
377	378	379	380	381	383	393	384	385	386	387	388	42	12	30	697	46	709	389	390	391	392	394	418	419	420	445	446	
447	448	449	450	451	452	453	454	455	456	457	458	64	10	4	51	38	459	460	461	462	463	464	465	444	443	442	430	
421	422	423	424	425	426	427	428	429	431	441	47	3	1	5	54	432	433	434	435	436	437	438	566	440	516	565	572	
567	669	668	667	666	665	664	663	662	661	660	27	0	2	37	659	658	657	656	655	654	652	651	650	649	648	647	646	
645	644	643	670	671	675	673	680	681	674	715	20	8	45	676	679	677	678	642	653	640	621	586	587	588	589	590	591	
592	593	594	595	596	597	598	599	600	40	749	725	684	49	585	584	583	574	568	569	570	571	641	573	575	582	576	577	
578	579	580	581	601	602	603	604	685	751	741	758	743	624	625	626	627	29	19	35	628	629	630	631	632	633	634	635	
636	637	638	623	639	622	620	605	690	753	763	777	717	606	607	15	31	17	23	13	732	691	608	609	610	611	612	613	
614	615	616	617	618	619	372	439	65	702	759	782	701	310	41	686	716	733	32	700	761	772	713	134	135	136	137	371	
139	140	142	150	143	144	145	695	744	703	780	773	146	683	24	7	710	59	44	698	746	760	714	147	148	149	133	132	
131	130	115	116	117	118	119	705	770	765	776	120	699	18	731	53	718	63	43	21	736	764	121	122	123	124	125	126	
127	128	129	141	151	152	153	742	774	771	174	175	711	52	36	712	176	694	708	748	722	177	178	179	180	182	190	183	
184	185	186	187	188	189	173	735	745	737	181	729	707	11	55	172	56	16	26	58	161	154	155	156	157	158	159	113	
160	162	170	163	164	165	166	752	766	768	167	727	762	692	28	696	740	50	688	682	168	169	114	171	112	104	86	85	
79	78	87	77	75	74	73	61	724	734	728	755	775	687	706	739	723	62	107	103	102	111	99	94	93	92	91	66	
88	95	96	97	98	101	105	57	34	25	754	747	767	757	756	719	721	106	108	109	110	90	100	89	76	67	68	69	
70	71	72	80	81	82	83	84	33	689	22	750	726	738	704	693	191	325	193	305	306	307	308	309	370	311	312	313	
314	315	316	317	318	319	320	321	322	323	304	303	302	291	283	284	285	286	287	288	289	290	292	301	293	294	295	296	
297	298	299	300	324	326	369	327	350	351	352	353	354	355	356	357	358	359	360	361	362	363	364	365	366	367	368	349	
348	347	336	328	329	330	331	332	333	334	335	337	346	338	339	340	341	342	343	344	345	282	281	280	279	216	217	218	
219	220	221	222	223	225	234	226	227	228	229	230	231	232	233	215	224	214	202	194	195	196	197	198	199	200	201	203	
212	204	205	206	207	208	209	210	211	213	235	236	237	260	261	262	263	264	265	266	267	268	269	270	271	272	273	274	
275	276	277	278	259	258	257	246	238	239	240	241	242	243	244	245	247	256	248	249	250	251	252	253	254	255	138	672	
