108	501	502	503	504	505	506	507	508	509	511	521	512	513	514	515	516	517	518	519	520	500	499	498	497	478	479	480	
481	482	483	484	485	486	487	488	489	490	491	492	493	494	495	496	510	523	557	524	548	549	550	551	552	553	554	555	
556	558	568	559	560	561	562	563	564	565	566	567	547	546	545	544	525	526	527	528	529	530	531	532	533	534	535	536	
537	538	539	540	541	542	543	477	522	476	428	407	408	409	410	411	412	413	414	415	417	427	418	419	420	421	422	423	
424	425	426	406	405	404	403	384	385	386	387	388	389	390	391	55	681	708	700	62	392	393	394	395	396	397	398	399	
400	401	402	416	429	463	430	454	455	456	457	458	459	460	36	1	4	721	30	38	461	462	464	474	465	466	467	468	
469	470	471	472	473	453	452	451	450	431	432	433	434	27	6	3	24	26	703	7	679	64	435	436	437	438	439	440	
441	442	570	444	445	446	447	448	449	475	569	59	14	34	0	42	9	33	46	687	13	697	636	644	655	658	654	653	
652	651	650	649	648	647	646	645	643	642	641	727	5	11	53	684	744	16	49	714	52	691	657	672	669	675	664	671	
668	661	663	666	670	635	613	596	595	594	702	715	761	12	720	15	22	701	683	717	740	710	587	585	583	582	581	580	
579	578	577	576	575	574	573	597	598	736	770	781	782	756	67	32	29	678	624	622	741	54	690	620	619	618	617	616	
615	627	614	612	611	610	609	608	723	771	780	783	764	747	629	589	601	602	603	604	718	763	724	605	606	607	621	623	
625	626	600	599	572	584	586	693	778	772	758	728	709	56	588	590	591	592	593	628	19	725	773	674	673	662	667	656	
631	632	633	634	630	637	638	735	762	766	733	639	640	660	659	665	383	443	381	327	10	760	777	134	135	136	137	382	
139	140	141	142	144	154	145	757	732	742	146	147	148	149	150	151	152	153	133	143	729	746	765	132	119	110	111	112	
113	114	115	116	117	118	704	753	774	719	120	130	121	122	123	124	125	126	127	128	768	748	754	129	131	156	179	157	
182	183	184	185	186	187	45	713	759	66	188	189	190	192	202	193	194	195	677	705	39	28	676	196	197	198	199	200	
201	181	191	180	167	158	695	734	51	159	160	161	162	163	164	165	166	682	711	751	694	60	168	178	169	170	171	172	
203	173	174	175	176	177	698	750	737	109	155	107	94	70	73	75	692	739	40	21	76	77	74	71	78	72	69	68	
93	81	105	104	103	80	696	47	716	101	100	99	98	97	88	688	730	755	17	86	85	84	83	82	79	102	87	89	
90	91	92	106	95	96	58	57	63	685	680	712	745	749	44	769	20	23	37	292	205	317	318	319	320	321	322	323	
324	326	335	204	328	329	65	8	31	699	726	776	743	779	775	689	43	330	331	332	333	334	316	325	315	303	295	296	
297	298	299	300	301	302	48	18	2	25	738	752	41	767	707	304	313	305	306	307	308	309	310	311	312	314	336	337	
338	361	362	363	364	365	366	61	35	722	50	731	706	686	367	368	369	370	371	372	373	374	375	376	377	378	379	360	
359	358	347	339	340	341	342	343	344	345	346	348	357	349	350	351	352	353	354	355	356	294	380	293	291	228	229	230	
231	232	233	234	235	237	246	238	239	240	241	242	243	244	245	227	236	226	214	206	207	208	209	210	211	212	213	215	
224	216	217	218	219	220	221	222	223	225	247	248	249	272	273	274	275	276	277	278	279	280	281	282	283	284	285	286	
287	288	289	290	271	270	269	258	250	251	252	253	254	255	256	257	259	268	260	261	262	263	264	265	266	267	138	571	
