105	503	504	505	506	507	508	509	510	511	512	513	514	515	516	517	518	519	520	521	522	523	502	501	500	488	479	480	
481	482	483	484	485	486	487	489	499	490	491	492	493	494	495	496	497	498	524	525	526	527	553	554	555	556	557	558	
559	560	561	562	563	564	565	566	567	568	569	570	571	572	573	552	574	551	549	528	529	530	531	532	533	534	535	536	
537	538	539	540	541	542	543	544	545	546	547	548	478	477	476	427	405	406	407	408	409	410	411	412	413	414	415	416	
417	418	419	420	421	422	423	424	425	404	403	402	390	381	382	383	384	385	386	387	388	389	391	401	392	393	394	395	
396	397	398	399	400	426	428	475	429	454	455	456	457	458	459	460	461	462	463	464	465	466	467	468	469	470	471	472	
473	474	453	452	451	439	430	431	432	433	434	435	436	437	438	440	450	441	442	443	444	445	446	380	447	448	449	550	
575	624	577	660	659	658	657	656	655	654	653	652	651	650	649	35	708	705	754	689	721	644	643	642	641	640	639	638	
663	637	636	635	647	662	675	664	685	684	682	686	706	730	727	733	738	758	772	734	701	725	671	670	669	668	667	666	
665	634	601	600	599	598	633	596	691	704	30	747	767	766	756	774	778	775	759	763	44	29	588	587	586	585	584	583	
578	589	603	604	605	630	629	707	692	736	694	741	728	737	699	703	713	722	755	745	693	716	616	613	612	611	610	609	
608	607	606	597	678	628	680	717	731	715	729	34	709	696	661	648	646	748	761	719	744	688	614	615	617	618	619	620	
621	622	623	625	626	627	702	753	26	25	27	23	579	580	581	582	590	771	769	752	726	602	591	592	593	594	595	631	
632	672	673	674	677	676	21	32	712	16	24	679	683	681	645	697	732	750	773	749	710	378	317	129	130	131	132	379	
134	135	136	137	138	139	690	12	22	42	140	141	142	143	144	742	746	770	776	700	145	146	147	128	127	126	115	107	
108	109	110	111	112	113	114	116	125	117	118	119	120	121	31	743	764	762	751	122	123	124	148	149	150	151	175	176	
177	178	179	180	181	182	183	184	185	186	187	188	189	190	687	740	777	735	191	192	193	174	194	173	171	152	153	154	
155	156	157	158	159	160	161	162	163	164	195	165	166	720	760	781	723	698	167	168	169	170	106	172	72	71	70	69	
68	66	65	64	58	56	55	54	53	52	51	50	43	739	757	695	20	46	75	89	76	102	101	100	99	98	97	96	
95	90	87	86	85	84	83	104	81	79	78	40	7	8	19	11	39	74	47	77	80	82	88	103	91	92	93	94	
48	49	57	59	60	73	61	62	63	67	33	3	0	2	14	45	332	197	312	313	314	315	316	196	318	319	320	321	
322	323	324	325	326	327	328	329	330	311	37	1	4	5	331	310	308	289	290	291	292	293	294	295	296	297	298	299	
300	301	302	303	304	305	306	307	309	41	18	17	28	36	333	355	334	358	359	360	361	362	363	364	365	366	367	368	
369	370	371	372	373	374	375	376	357	9	13	6	15	377	356	354	335	336	337	338	339	340	341	342	343	344	345	346	
347	348	349	350	351	352	353	288	711	718	714	10	38	287	286	263	220	221	222	223	224	225	226	227	228	229	230	231	
232	233	234	235	236	237	238	219	779	782	780	724	218	217	206	198	199	200	201	202	203	204	205	207	216	208	209	210	
211	212	213	214	215	239	240	241	765	783	768	242	266	267	268	269	270	271	272	273	274	275	276	277	278	279	280	281	
282	283	284	265	285	264	262	243	244	245	246	247	248	249	250	251	252	253	254	255	256	257	258	259	260	261	133	576	
