112	488	489	490	491	492	493	494	495	496	497	498	499	500	501	502	503	504	505	506	507	508	487	486	485	473	464	465	
466	467	468	469	470	471	472	474	484	475	476	477	478	479	480	481	482	483	509	511	558	512	537	538	539	540	541	542	
543	544	545	546	547	548	549	550	551	552	553	554	555	556	557	536	535	534	522	513	514	515	516	517	518	519	520	521	
523	533	524	525	526	527	528	529	530	531	532	463	510	462	412	390	391	392	393	394	395	396	397	398	399	400	401	402	
403	404	405	406	407	408	409	410	389	388	387	375	366	367	368	369	370	371	372	373	374	376	386	377	378	379	380	381	
382	383	384	385	411	413	460	414	439	440	441	442	443	444	445	669	701	708	707	685	446	447	448	449	450	451	452	453	
454	455	456	457	458	459	438	437	436	424	415	416	417	689	681	757	759	27	734	24	418	419	420	421	422	423	425	435	
426	427	428	429	560	431	432	433	434	461	559	692	702	752	750	25	682	737	717	696	670	653	650	648	657	652	654	655	
656	659	658	661	647	662	660	649	651	63	761	766	723	764	777	753	676	699	680	20	62	645	602	583	584	585	586	587	
588	589	590	592	561	601	593	594	595	716	31	44	758	33	738	688	596	65	736	740	675	597	598	599	600	582	581	580	
579	562	563	564	565	566	567	568	569	23	21	9	0	8	52	570	571	722	729	709	46	572	573	574	575	576	577	578	
591	603	634	604	626	627	628	629	630	40	2	34	37	631	632	633	635	726	769	768	731	644	636	637	638	639	640	641	
642	643	625	624	623	622	605	606	607	608	609	610	611	612	613	614	615	691	756	782	725	616	617	618	619	620	621	365	
430	363	298	132	133	134	135	136	137	139	146	140	141	38	43	12	56	11	10	5	663	142	143	144	145	131	138	364	
120	114	115	116	117	118	119	121	128	122	64	41	704	744	14	3	26	6	728	672	123	124	125	126	127	129	148	165	
149	168	169	170	171	172	173	175	664	55	45	35	1	742	30	730	51	684	748	36	59	182	176	177	178	179	180	181	
167	174	166	156	150	151	152	666	60	779	751	732	47	153	686	4	57	18	7	743	679	678	154	155	157	164	158	159	
160	161	162	163	113	147	667	39	772	746	754	687	90	58	695	16	22	48	665	741	745	698	674	711	712	83	71	75	
73	70	69	68	82	671	713	765	29	735	677	85	718	706	42	705	697	108	673	715	17	714	770	781	783	111	105	104	
103	95	94	93	92	28	53	773	50	694	727	720	755	763	700	54	89	88	87	86	106	721	776	775	724	84	91	96	
98	110	99	100	101	774	780	778	719	760	49	767	762	739	66	102	107	109	97	72	78	80	74	76	77	79	67	81	
183	273	185	184	299	771	15	703	19	13	747	32	690	668	300	301	302	303	304	305	306	307	308	309	310	311	312	313	
314	315	316	297	296	683	710	733	749	693	61	295	284	276	277	278	279	280	281	282	283	285	294	286	287	288	289	290	
291	292	293	317	319	362	320	343	344	345	346	347	348	349	350	351	352	353	354	355	356	357	358	359	360	361	342	341	
340	329	321	322	323	324	325	326	327	328	330	339	331	332	333	334	335	336	337	338	275	318	274	228	208	209	210	211	
212	213	214	215	216	217	218	219	220	221	222	223	224	225	226	207	206	205	194	186	187	188	189	190	191	192	193	195	
204	196	197	198	199	200	201	202	203	227	229	272	230	253	254	255	256	257	258	259	260	261	262	263	264	265	266	267	
268	269	270	271	252	251	250	239	231	232	233	234	235	236	237	238	240	249	241	242	243	244	245	246	247	248	130	646	
