192	501	502	503	504	505	506	507	508	509	510	511	512	513	514	515	516	517	518	519	520	521	500	499	498	486	477	478	
479	480	481	482	483	484	485	487	497	488	489	490	491	492	493	494	495	496	522	523	524	525	551	552	553	554	555	556	
557	558	559	560	561	562	563	564	565	566	567	568	569	570	571	550	572	549	547	526	527	528	529	530	531	532	533	534	
535	536	537	538	539	540	541	542	543	544	545	546	476	475	474	425	403	404	405	406	407	408	409	410	411	412	413	414	
415	416	417	418	419	420	421	422	423	402	401	400	388	379	380	381	382	383	384	385	386	387	389	399	390	391	392	393	
394	395	396	397	398	424	426	473	427	452	453	454	455	456	457	458	459	460	461	462	30	5	729	463	464	465	466	467	
468	469	470	471	716	708	472	451	450	449	437	428	429	430	431	432	433	434	435	436	35	737	41	438	448	439	440	441	
442	443	444	445	715	747	447	548	573	639	575	673	671	669	668	667	666	665	664	42	726	25	717	661	660	659	657	656	
655	654	653	652	33	719	650	648	646	645	694	701	704	705	707	706	696	703	702	720	21	773	698	697	677	693	678	679	
680	681	682	683	731	739	685	687	688	689	690	691	692	643	658	641	642	605	604	730	776	760	600	599	598	597	596	595	
594	593	592	735	780	742	586	583	582	581	580	579	578	577	576	590	608	624	609	736	713	709	638	637	636	635	634	633	
632	631	629	744	779	765	640	625	623	622	619	616	615	614	613	612	611	610	39	3	1	38	607	695	617	618	620	621	
626	627	628	745	782	766	630	584	585	587	588	589	591	606	601	602	603	686	29	12	748	37	684	699	700	675	676	644	
647	649	651	743	783	768	674	662	663	670	672	378	446	376	310	723	23	767	777	772	746	131	132	133	134	135	136	377	
138	139	140	763	770	756	141	142	143	710	40	761	718	741	14	758	759	778	20	24	712	144	145	146	147	130	129	128	
118	111	112	775	7	0	6	8	18	31	755	754	781	750	764	738	714	711	733	751	113	114	115	116	117	119	127	120	
121	122	123	124	2	22	15	752	774	11	722	727	125	126	148	149	150	724	769	32	151	173	174	175	176	177	178	179	
180	181	182	183	184	185	186	187	188	189	172	190	171	169	152	153	154	757	771	26	155	156	157	109	158	159	160	161	
162	163	164	165	166	167	168	110	170	108	107	72	71	70	69	68	67	19	9	27	62	61	60	58	45	46	47	56	
50	52	53	54	55	48	51	73	74	91	76	75	106	105	103	102	101	734	13	732	98	97	95	94	92	90	89	88	
85	82	81	80	78	57	77	79	83	84	86	87	93	96	99	100	104	753	4	16	49	44	59	63	64	65	66	191	
364	193	309	311	312	313	314	315	316	317	318	319	320	321	322	323	324	762	721	34	325	326	327	308	328	307	305	286	
287	288	289	290	291	292	293	294	295	296	297	298	299	300	301	302	303	17	740	36	304	306	329	330	331	355	356	357	
358	359	360	361	362	363	365	375	366	367	368	369	370	371	372	373	374	28	749	725	354	353	352	351	332	333	334	335	
336	337	338	339	340	341	342	343	344	345	346	347	348	349	350	285	284	10	728	43	283	237	217	218	219	220	221	222	
223	224	225	226	227	228	229	230	231	232	233	234	235	216	236	215	213	194	195	196	197	198	199	200	201	202	203	204	
205	206	207	208	209	210	211	212	214	238	260	239	263	264	265	266	267	268	269	270	271	272	273	274	275	276	277	278	
279	280	281	262	282	261	259	240	241	242	243	244	245	246	247	248	249	250	251	252	253	254	255	256	257	258	137	574	
