189	494	495	496	497	498	499	500	501	502	504	514	505	506	507	508	509	510	511	512	513	493	503	492	479	470	471	472	
473	474	475	476	477	478	480	490	481	482	483	484	485	486	487	488	489	491	516	539	517	542	543	544	545	546	547	548	
549	550	552	562	553	554	555	556	557	558	559	560	561	541	551	540	527	518	519	520	521	522	523	524	525	526	528	538	
529	530	531	532	533	534	535	536	537	469	515	468	419	398	399	400	401	402	403	404	405	406	408	418	409	410	411	412	
413	414	415	416	417	397	407	396	383	374	375	376	377	378	379	380	381	382	384	394	385	386	387	388	389	390	391	392	
393	395	420	443	421	446	447	448	449	450	451	452	453	454	456	692	714	713	46	683	466	457	458	459	460	461	462	463	
464	465	445	455	444	431	422	423	424	425	426	427	428	77	38	70	7	71	67	34	429	430	432	442	433	434	435	436	
437	438	564	440	441	467	563	594	658	657	666	80	22	25	52	19	24	14	741	32	54	678	673	656	677	674	671	669	
675	667	665	664	663	662	661	660	659	68	721	17	712	731	757	719	693	709	20	751	691	672	668	676	670	654	631	588	
589	590	591	592	593	565	595	596	597	48	36	27	0	72	716	685	598	679	769	766	723	599	600	601	602	603	604	605	
606	587	586	585	574	566	567	568	569	12	749	737	29	21	695	570	571	698	750	69	63	572	573	575	584	576	577	578	
579	580	581	582	583	607	608	609	610	65	15	57	59	634	635	636	637	10	9	748	47	638	639	640	641	642	643	644	
645	646	647	648	649	650	651	652	633	653	632	630	611	612	613	614	615	45	1	16	66	616	617	618	619	620	621	622	
623	624	625	626	627	628	629	373	439	371	305	108	110	703	62	50	49	39	11	26	76	111	126	127	128	106	130	372	
131	83	84	92	93	94	129	160	165	172	74	689	753	761	745	3	44	2	37	56	173	175	187	177	178	183	184	185	
186	139	140	141	142	143	145	147	79	700	73	35	730	760	775	6	40	5	13	23	78	163	105	158	157	156	155	154	
153	152	151	150	149	148	159	75	41	743	28	755	690	144	699	33	61	8	60	708	30	681	138	137	136	135	146	161	
174	162	182	181	180	179	682	18	31	736	740	684	176	64	774	4	710	55	42	747	756	718	58	686	694	171	170	169	
168	167	166	164	133	680	739	777	772	742	696	134	728	53	711	759	706	132	688	717	43	763	752	724	776	103	102	101	
100	99	98	97	96	51	735	773	720	701	754	727	764	779	704	705	104	91	90	89	88	729	778	771	715	87	86	85	
95	125	124	123	122	767	768	782	770	738	781	783	780	725	82	121	120	119	118	117	116	115	114	113	112	109	188	325	
190	306	307	308	309	765	726	758	722	762	744	734	707	687	310	311	312	313	314	315	316	317	318	319	320	321	322	323	
304	324	303	301	282	697	733	746	732	702	81	283	284	285	286	287	288	289	290	291	292	293	294	295	296	297	298	299	
300	302	326	348	327	351	352	353	354	355	356	357	358	359	360	361	362	363	364	365	366	367	368	369	350	370	349	347	
328	329	330	331	332	333	334	335	336	337	338	339	340	341	342	343	344	345	346	281	280	279	256	213	214	215	216	217	
218	219	220	221	222	223	224	225	226	227	228	229	230	231	212	211	210	199	191	192	193	194	195	196	197	198	200	209	
201	202	203	204	205	206	207	208	232	233	234	235	259	260	261	262	263	264	265	266	267	268	269	270	271	272	273	274	
275	276	277	258	278	257	255	236	237	238	239	240	241	242	243	244	245	246	247	248	249	250	251	252	253	254	107	655	
