384	507	508	509	510	511	512	513	514	515	517	527	518	519	520	521	522	523	524	525	526	506	516	505	492	483	484	485	
486	487	488	489	490	491	493	503	494	495	496	497	498	499	500	501	502	504	529	552	530	555	556	557	558	559	560	561	
562	563	565	575	566	567	568	569	570	571	572	573	574	554	564	553	540	531	532	533	534	535	536	537	538	539	541	551	
542	543	544	545	546	547	548	549	550	482	528	481	432	411	412	413	414	415	416	417	418	419	421	431	422	423	424	425	
426	427	428	429	430	410	420	409	396	387	388	389	390	391	392	393	394	395	397	407	398	399	400	401	402	403	404	405	
406	408	433	456	434	459	460	461	462	463	464	465	466	467	469	479	470	471	472	473	474	475	476	477	478	458	468	457	
444	435	436	437	438	439	440	441	442	443	445	455	446	447	448	577	450	451	452	453	454	480	576	605	670	671	672	673	
674	675	676	678	686	679	680	681	682	683	684	685	669	668	667	16	699	753	723	729	766	666	651	652	653	654	655	656	
657	658	688	660	661	662	663	664	665	677	687	693	717	727	765	735	772	752	761	707	750	30	692	691	690	689	650	659	
648	612	597	598	599	600	601	602	700	764	732	716	776	767	781	748	730	777	778	762	757	702	604	611	578	606	607	608	
609	610	596	603	595	585	579	721	769	745	763	758	8	783	44	703	720	705	755	768	744	743	580	581	582	583	584	586	
593	587	588	589	590	591	592	718	722	759	747	782	20	713	594	613	630	45	779	15	760	696	614	633	634	635	636	637	
638	640	647	641	642	643	726	42	719	5	714	21	644	645	646	632	639	724	740	771	751	631	621	615	616	617	618	619	
620	622	629	623	624	625	4	32	11	746	29	626	627	628	386	36	39	26	31	2	49	449	160	161	162	163	165	385	
170	171	172	155	173	154	35	24	19	28	138	139	140	141	142	22	12	734	10	46	147	148	150	153	195	176	198	199	
200	201	202	203	204	205	206	207	208	209	210	212	214	197	43	773	13	749	736	177	178	179	180	181	182	183	184	185	
186	187	188	189	190	191	192	193	134	174	216	94	75	76	770	41	756	25	80	83	91	84	85	86	87	88	89	90	
74	82	73	62	55	56	57	58	59	60	61	63	71	706	40	754	3	710	66	67	68	69	70	72	93	112	132	115	
116	117	118	119	120	121	123	131	124	125	126	127	50	7	709	47	27	697	102	95	96	97	98	99	100	101	103	111	
104	105	106	107	108	109	110	54	92	113	129	53	52	704	698	9	48	324	325	326	327	329	330	331	332	333	334	335	
336	337	338	339	340	323	341	322	320	303	51	742	739	737	33	695	305	306	307	308	309	310	311	312	313	314	315	316	
317	318	319	321	343	363	344	366	367	368	701	14	741	725	370	371	372	373	374	375	376	377	378	379	380	381	382	365	
383	364	362	345	346	347	348	349	350	715	38	17	23	694	354	355	356	357	358	359	360	361	302	342	301	258	240	241	
242	243	244	245	246	247	248	249	250	708	731	780	712	251	252	253	254	255	256	239	257	238	236	219	220	221	222	223	
224	225	226	227	228	229	230	231	34	18	1	6	37	259	279	260	282	283	284	285	286	287	288	289	290	291	292	293	
294	295	296	297	298	281	299	280	738	775	0	711	261	262	263	264	265	266	267	268	269	270	271	272	273	274	275	276	
277	133	300	278	237	235	234	233	733	774	728	232	353	352	351	369	304	328	218	217	122	114	130	128	65	64	81	79	
78	77	194	196	215	213	211	175	151	149	146	145	144	143	137	136	135	152	168	167	166	164	159	158	157	156	169	649	
