118	506	507	508	509	510	511	512	513	515	524	516	517	518	519	520	521	522	523	505	514	504	492	484	485	486	487	488	
489	490	491	493	502	494	495	496	497	498	499	500	501	503	525	526	527	550	551	552	553	554	555	556	557	558	559	560	
561	562	563	564	565	566	567	568	549	548	547	536	528	529	530	531	532	533	534	535	537	546	538	539	540	541	542	543	
544	545	483	482	481	437	418	419	420	421	422	423	424	425	427	436	428	429	430	431	432	433	434	435	417	426	416	404	
396	397	398	399	400	401	402	403	405	414	406	407	408	409	410	411	412	413	415	438	459	439	462	463	464	465	466	467	
468	469	471	480	472	473	474	475	476	477	478	479	707	82	83	715	25	754	740	78	760	18	779	723	461	470	460	448	
440	441	442	443	444	445	446	447	76	55	20	23	729	52	57	24	2	750	27	769	762	773	757	749	458	450	451	452	
453	454	455	456	457	569	570	51	713	43	732	742	10	5	32	768	739	35	743	730	72	735	718	703	684	658	668	683	
687	657	682	680	676	675	672	74	16	733	1	12	759	0	4	19	758	17	664	663	662	661	660	659	685	693	700	704	
702	701	697	696	698	694	692	691	62	40	746	727	8	751	79	695	63	73	699	690	705	706	669	654	612	594	595	596	
597	572	599	600	601	602	603	604	605	714	708	775	783	764	609	610	593	611	592	590	573	574	575	576	577	578	579	580	
581	582	583	584	585	586	587	588	589	591	613	776	781	777	88	637	638	640	641	642	643	644	645	646	647	648	649	650	
651	652	635	653	634	632	615	616	617	618	619	722	763	782	734	622	623	624	625	626	627	628	629	630	631	598	655	621	
620	639	636	614	633	608	607	606	656	686	665	666	737	14	53	756	42	709	673	674	677	678	679	681	671	670	667	394	
688	395	449	393	348	146	147	148	149	150	151	152	153	46	36	771	9	726	70	154	155	156	157	158	159	160	161	162	
163	164	165	166	145	167	144	142	121	122	123	124	125	126	71	3	15	31	56	710	127	128	129	130	131	132	133	134	
135	136	137	138	139	140	141	143	169	193	170	196	197	198	199	717	58	774	724	60	200	201	202	203	204	205	206	207	
208	209	210	211	212	213	214	215	216	195	217	194	192	171	172	173	174	30	59	22	721	175	176	177	178	179	180	181	
182	119	184	185	186	187	188	189	190	191	120	168	95	96	66	77	61	29	80	21	711	111	112	117	89	116	115	114	
113	110	109	108	107	106	105	104	103	102	101	100	87	39	38	748	44	49	755	761	99	98	97	94	93	92	91	90	
183	218	349	220	330	331	332	333	334	335	720	26	753	6	69	37	752	767	48	336	337	339	219	340	341	342	343	344	
345	346	347	329	338	328	316	308	85	747	28	780	64	766	770	765	45	712	309	310	311	312	313	314	315	317	326	318	
319	320	321	322	323	324	75	67	11	34	65	731	778	736	68	719	325	327	350	371	351	374	375	376	377	378	379	380	
381	383	392	384	81	738	33	7	741	50	772	41	84	86	385	386	387	388	389	390	391	373	382	372	360	352	353	354	
355	356	357	358	54	745	13	47	744	728	725	716	359	361	370	362	363	364	365	366	367	368	369	307	306	305	283	242	
243	244	245	246	247	248	249	251	260	252	253	254	255	256	257	258	259	241	240	239	238	221	222	223	224	225	226	227	
228	229	230	231	232	233	234	235	236	237	250	261	262	263	286	287	288	289	290	291	292	293	295	304	296	297	298	299	
300	301	302	303	285	294	284	272	264	265	266	267	268	269	270	271	273	282	274	275	276	277	278	279	280	281	689	571	
