196	504	505	506	507	508	509	510	511	512	514	524	515	516	517	518	519	520	521	522	523	503	513	502	489	480	481	482	
483	484	485	486	487	488	490	500	491	492	493	494	495	496	497	498	499	501	526	549	527	552	553	554	555	556	557	558	
559	560	562	572	563	564	565	566	567	568	569	570	571	551	561	550	537	528	529	530	531	532	533	534	535	536	538	548	
539	540	541	542	543	544	545	546	547	479	525	478	429	408	409	410	411	412	413	414	415	416	418	428	419	420	421	422	
423	424	425	426	427	407	417	406	393	384	385	386	387	388	389	390	391	392	394	404	395	396	397	398	399	400	401	402	
403	405	430	453	431	456	457	458	459	460	461	462	463	464	466	476	467	468	469	470	471	472	473	474	475	455	465	454	
441	432	433	434	435	436	437	438	439	440	442	452	443	444	445	383	446	447	448	449	450	451	477	573	578	575	692	693	
650	651	652	653	654	657	664	668	669	661	658	655	729	762	758	782	779	746	740	756	718	679	680	682	685	688	690	662	
663	665	666	667	674	659	670	671	660	648	656	721	752	34	748	743	747	27	766	764	742	649	673	672	681	691	689	687	
683	678	675	694	695	676	677	684	686	52	719	773	753	741	22	51	50	41	12	9	25	646	645	594	595	596	597	598	
599	601	608	602	603	604	605	606	607	744	37	8	754	39	593	600	24	3	45	18	698	592	582	576	577	647	579	580	
581	583	590	584	585	586	587	588	730	40	763	16	712	589	591	609	755	767	32	709	610	611	630	631	632	633	634	635	
636	637	638	639	640	641	642	725	23	10	720	704	643	644	702	739	771	33	44	629	628	627	618	612	613	614	615	616	
617	619	626	620	621	622	697	35	49	17	623	624	625	716	731	765	710	734	701	381	314	135	136	137	138	139	140	382	
142	143	144	145	146	147	48	757	780	732	724	761	736	38	774	778	733	738	148	149	150	151	134	133	132	122	115	116	
117	118	119	120	121	123	706	750	781	770	768	705	26	4	11	751	760	131	124	125	126	127	128	129	130	152	153	154	
155	177	178	179	180	181	182	737	749	708	776	28	728	715	2	727	30	183	184	185	186	187	188	189	190	191	192	193	
176	194	175	173	156	157	158	159	160	161	162	163	113	714	0	775	717	165	166	167	168	169	170	171	172	114	174	74	
73	72	71	70	68	67	65	66	78	64	56	63	59	707	13	7	47	80	109	108	107	106	105	103	102	101	95	94	
93	112	91	90	89	88	87	86	85	84	83	82	81	54	6	1	46	92	96	97	98	99	100	104	110	111	79	62	
61	58	57	55	60	69	75	76	77	164	195	288	197	29	14	36	42	315	316	317	318	319	320	321	322	323	324	325	
326	327	328	329	330	331	332	313	333	312	310	291	292	20	5	19	53	293	294	295	296	297	298	299	300	301	302	303	
304	305	306	307	308	309	311	334	335	336	360	361	362	43	696	15	713	363	364	365	366	367	368	370	380	371	372	373	
374	375	376	377	378	379	359	358	357	356	337	338	339	340	745	21	722	341	342	343	344	345	346	347	348	349	350	351	
352	353	354	355	290	369	289	276	221	222	223	224	225	226	700	31	759	699	227	228	229	230	231	232	233	234	235	236	
237	238	239	220	240	219	217	198	199	200	201	202	203	204	703	726	777	772	711	205	206	207	208	209	210	211	212	213	
214	215	216	218	241	242	243	267	268	269	270	271	272	273	274	723	769	783	735	275	277	287	278	279	280	281	282	283	
284	285	286	266	265	264	263	244	245	246	247	248	249	250	251	252	253	254	255	256	257	258	259	260	261	262	141	574	
