379	502	503	504	505	506	507	508	509	510	512	522	513	514	515	516	517	518	519	520	521	501	511	500	487	478	479	480	
481	482	483	484	485	486	488	498	489	490	491	492	493	494	495	496	497	499	524	547	525	550	551	552	553	554	555	556	
557	558	560	570	561	562	563	564	565	566	567	568	569	549	559	548	535	526	527	528	529	530	531	532	533	534	536	546	
537	538	539	540	541	542	543	544	545	477	523	476	427	406	407	408	409	410	411	412	413	414	416	426	417	418	419	420	
421	422	423	424	425	405	415	404	391	382	383	384	385	386	387	388	389	390	392	402	393	394	395	396	397	398	399	400	
401	403	428	451	429	454	455	456	457	458	459	460	461	462	464	474	465	466	7	15	16	725	467	468	469	470	471	472	
473	453	463	452	439	430	431	432	433	434	435	436	437	438	440	450	441	739	779	4	21	27	442	443	381	444	445	446	
447	448	449	475	571	584	669	670	671	672	673	674	676	677	680	681	666	19	13	759	768	740	649	650	651	653	656	663	
657	658	659	660	662	684	701	685	704	706	707	708	709	711	717	712	741	765	773	767	744	720	687	688	689	690	691	693	
700	697	698	699	648	682	647	627	592	593	594	599	600	601	602	751	770	778	783	747	590	589	580	574	575	588	582	583	
573	585	587	609	610	630	631	632	633	634	635	636	637	638	639	734	753	3	30	642	643	645	626	611	612	613	614	615	
616	617	618	619	620	621	622	623	624	625	646	718	628	629	28	20	8	1	18	644	641	640	608	607	586	581	579	578	
577	576	591	606	605	604	603	598	597	596	595	696	695	22	749	754	757	9	694	686	692	702	710	703	716	715	714	713	
705	683	661	654	652	655	664	665	679	678	675	668	667	729	780	5	750	726	327	139	140	141	142	143	144	145	146	380	
157	149	150	151	152	153	154	155	156	138	137	136	24	738	774	23	29	120	121	122	124	125	126	127	128	129	130	131	
132	133	134	147	158	159	160	183	184	185	186	743	776	760	777	745	187	188	189	194	195	196	197	198	199	200	182	191	
181	169	161	162	163	164	165	166	167	168	170	724	17	758	771	722	171	172	174	175	176	177	178	116	180	115	93	52	
53	54	55	56	57	58	59	61	70	62	737	761	772	763	769	63	64	65	66	67	68	69	51	50	49	48	32	33	
34	35	36	37	38	39	40	41	42	43	12	742	781	775	719	45	46	47	60	71	72	73	96	97	98	99	100	101	
102	103	105	114	106	107	108	109	110	111	730	0	6	755	95	104	94	82	74	75	76	77	78	79	80	81	83	85	
86	87	88	89	90	91	117	202	203	11	748	782	10	723	316	317	318	319	320	321	322	324	333	325	326	330	331	332	
314	323	313	301	293	294	295	296	727	14	756	2	25	721	300	302	311	303	304	305	306	307	308	309	310	312	359	360	
361	362	363	364	365	366	367	368	736	764	731	728	369	370	371	372	373	374	375	376	377	358	357	356	345	337	338	339	
340	341	342	343	344	346	355	347	735	766	746	752	348	349	350	351	352	353	354	292	291	290	246	227	228	229	230	231	
232	233	234	236	245	237	238	239	732	26	733	762	241	242	243	244	226	235	225	213	205	206	207	208	209	210	211	212	
214	223	215	216	217	218	219	220	221	222	224	247	268	248	271	272	273	274	275	276	277	278	280	289	281	282	283	284	
285	286	287	288	270	279	269	257	249	250	251	252	253	254	255	256	258	267	259	260	261	262	263	264	265	266	31	378	
240	336	335	334	299	298	297	329	328	315	204	84	92	113	112	44	173	179	193	201	192	190	123	119	118	135	148	572	
