203	493	494	495	496	497	498	499	500	502	511	503	504	505	506	507	508	509	510	492	501	491	479	471	472	473	474	475	
476	477	478	480	489	481	482	483	484	485	486	487	488	490	513	534	514	537	538	539	540	541	542	543	544	546	555	547	
548	549	550	551	552	553	554	536	545	535	523	515	516	517	518	519	520	521	522	524	533	525	526	527	528	529	530	531	
532	470	469	468	446	405	406	407	408	409	410	411	412	414	423	415	416	417	418	419	420	421	422	404	403	402	401	384	
385	386	387	388	389	390	391	392	393	394	395	396	397	398	399	400	413	424	425	426	449	450	451	452	453	454	455	456	
458	467	459	460	461	462	463	464	465	466	448	457	689	693	58	685	725	18	752	51	778	1	732	60	447	435	427	428	
429	430	431	432	433	434	436	383	697	62	27	733	743	35	716	47	50	749	61	712	770	715	756	744	445	437	438	439	
440	441	442	443	444	512	556	49	34	728	772	42	729	31	771	747	717	764	740	734	45	52	692	648	647	646	645	644	
643	642	641	640	666	638	680	53	8	741	28	6	774	4	17	32	746	7	673	670	668	677	675	669	676	681	635	639	
633	623	578	579	580	581	582	583	708	9	41	690	25	755	59	585	46	24	586	587	589	590	593	576	574	559	562	563	
564	565	566	558	568	569	570	571	572	700	684	702	779	724	618	619	620	621	622	624	632	625	626	628	629	630	631	615	
614	613	612	597	598	599	600	601	602	603	604	3	780	745	688	607	608	609	610	611	634	606	605	627	617	616	596	595	
594	575	573	567	561	560	577	592	591	588	584	704	33	783	762	679	672	671	674	667	678	665	649	636	637	650	664	651	
652	653	654	655	656	657	658	659	660	661	662	663	738	735	757	48	731	682	381	325	104	102	97	96	95	94	93	382	
109	117	110	124	123	122	121	108	90	71	68	67	72	44	782	776	687	707	54	66	69	70	74	83	89	82	80	79	
178	177	175	174	173	170	169	198	136	158	149	148	91	164	698	5	12	15	20	691	150	151	152	153	154	155	156	157	
159	160	161	162	147	163	146	144	129	130	131	132	133	134	135	694	38	767	781	699	137	138	139	140	141	142	143	145	
165	183	166	186	187	188	189	190	191	192	193	194	195	196	197	202	199	753	705	761	57	200	185	201	184	182	167	168	
171	172	176	179	180	181	128	127	126	92	75	76	77	78	39	721	37	751	736	726	686	84	85	86	87	88	73	81	
65	64	111	112	113	114	115	116	118	125	119	120	43	19	14	737	22	21	722	742	98	100	107	101	103	105	106	336	
204	316	317	318	319	320	321	322	323	324	696	30	11	2	40	29	720	777	55	326	327	328	329	330	331	332	333	334	
315	314	313	302	294	295	296	297	706	711	16	768	723	710	730	758	23	63	298	299	300	301	303	312	304	305	306	307	
308	309	310	311	335	337	56	714	0	13	759	713	769	709	36	695	380	338	361	362	363	364	365	366	367	368	369	370	
371	372	373	374	718	766	10	26	739	754	775	703	727	683	375	376	377	378	379	360	359	358	347	339	340	341	342	343	
344	345	346	348	748	765	763	773	760	750	719	701	357	349	350	351	352	353	354	355	356	293	292	291	290	227	228	229	
230	231	232	233	234	236	245	237	238	239	240	241	242	243	244	226	235	225	213	205	206	207	208	209	210	211	212	214	
223	215	216	217	218	219	220	221	222	224	246	247	248	271	272	273	274	275	276	277	278	279	280	281	282	283	284	285	
286	287	288	289	270	269	268	257	249	250	251	252	253	254	255	256	258	267	259	260	261	262	263	264	265	266	99	557	
