209	510	511	512	513	514	515	516	517	518	520	530	521	522	523	524	525	526	527	528	529	509	508	507	506	487	488	489	
490	491	492	493	494	495	496	497	498	499	500	501	502	503	504	505	519	532	566	533	557	558	559	560	561	562	563	564	
565	567	577	568	569	570	571	572	573	574	575	576	556	555	554	553	534	535	536	537	538	539	540	541	542	543	544	545	
546	547	548	549	550	551	552	486	485	484	472	417	418	419	420	421	422	423	424	425	426	427	428	429	430	431	432	433	
434	435	416	436	415	413	394	395	396	397	398	399	400	401	402	403	404	405	406	407	408	409	410	411	412	414	437	438	
439	463	464	465	466	467	468	469	470	471	473	483	474	475	476	477	478	479	480	73	736	11	714	481	482	462	461	460	
459	440	441	442	443	444	445	446	447	448	449	450	451	452	453	74	51	712	60	745	754	725	707	455	456	457	458	531	
578	610	580	674	673	671	670	668	666	665	664	719	24	757	12	767	728	71	750	33	54	739	709	658	657	656	655	654	
653	652	651	677	649	675	676	690	678	695	696	36	741	62	19	18	749	50	747	773	47	764	689	688	687	686	685	684	
683	682	681	680	679	647	650	645	628	609	724	746	0	751	35	66	604	723	740	755	777	710	598	597	596	595	594	593	
592	591	590	589	588	587	586	585	584	583	28	772	781	722	611	613	52	43	762	77	721	641	640	639	638	637	636	635	
634	633	632	631	630	644	629	627	626	625	770	782	783	720	70	58	63	16	718	67	620	619	615	614	607	702	616	617	
618	621	622	623	624	642	643	612	581	582	715	771	779	774	65	7	5	761	45	599	600	601	602	603	605	606	646	608	
693	691	692	700	694	703	701	699	698	697	648	729	780	765	21	778	10	743	713	659	660	661	662	663	667	669	672	392	
454	391	329	82	85	91	94	95	108	109	114	760	744	717	41	753	708	726	118	131	120	123	84	83	134	189	205	204	
203	145	143	160	159	156	186	132	154	155	705	31	756	26	742	57	157	158	161	162	163	164	165	166	167	168	153	169	
152	150	135	136	137	138	139	140	141	142	737	731	775	56	8	769	144	146	147	148	149	151	170	171	172	192	193	194	
195	196	197	198	200	208	201	202	79	711	29	2	3	733	25	758	206	207	191	190	188	173	174	175	176	177	178	179	
180	181	182	183	184	185	133	187	735	34	55	69	61	23	748	46	199	99	101	81	102	98	97	96	93	92	90	89	
88	87	86	100	130	103	128	38	730	1	49	706	72	6	13	32	112	111	110	105	129	106	107	113	115	116	119	121	
122	124	125	126	127	104	117	27	4	17	300	75	53	20	14	738	211	325	326	327	328	210	330	331	332	333	334	335	
336	337	338	339	340	341	342	39	9	763	76	752	15	734	59	343	324	323	322	311	303	304	305	306	307	308	309	310	
312	321	313	314	315	316	317	44	732	22	78	759	776	727	318	319	320	344	345	346	347	371	372	373	374	375	376	377	
378	379	380	381	382	383	384	40	766	42	768	68	64	704	385	386	387	388	389	370	390	369	367	348	349	350	351	352	
353	354	355	356	357	358	359	80	48	30	37	716	360	361	362	363	364	365	366	302	368	301	277	234	235	236	237	238	
239	240	241	242	243	244	245	246	247	248	249	250	251	252	233	232	231	220	212	213	214	215	216	217	218	219	221	230	
222	223	224	225	226	227	228	229	253	254	255	256	280	281	282	283	284	285	286	287	288	289	290	291	292	293	294	295	
296	297	298	279	299	278	276	257	258	259	260	261	262	263	264	265	266	267	268	269	270	271	272	273	274	275	393	579	
