198	507	508	509	510	511	512	513	514	515	517	527	518	519	520	521	522	523	524	525	526	506	516	505	492	483	484	485	
486	487	488	489	490	491	493	503	494	495	496	497	498	499	500	501	502	504	529	552	530	555	556	557	558	559	560	561	
562	563	565	575	566	567	568	569	570	571	572	573	574	554	564	553	540	531	532	533	534	535	536	537	538	539	541	551	
542	543	544	545	546	547	548	549	550	482	481	480	456	411	412	413	414	415	416	417	418	419	421	431	422	423	424	425	
426	427	428	429	430	410	409	408	407	388	389	390	391	392	393	394	395	396	397	398	399	400	401	402	403	404	405	406	
420	432	433	434	459	460	461	462	463	464	465	466	467	469	479	470	471	472	473	474	475	476	477	478	458	468	457	444	
435	436	437	438	439	440	441	442	443	445	455	446	447	448	577	450	451	452	453	454	528	576	606	578	669	670	671	672	
673	674	675	676	677	678	679	680	681	682	683	668	667	666	657	13	48	758	707	734	768	651	652	653	654	655	656	686	
665	659	660	661	662	663	664	684	685	692	687	694	722	712	761	728	775	756	766	34	754	46	691	690	689	688	650	658	
648	612	597	598	599	600	601	602	699	757	725	709	777	764	780	751	737	776	779	765	760	44	604	611	605	649	607	608	
609	610	596	603	595	585	579	724	767	740	747	762	4	783	43	705	723	711	743	771	755	742	580	581	582	583	584	586	
593	587	588	589	590	591	592	706	720	750	733	782	18	721	594	613	630	700	778	12	752	701	614	633	634	635	636	637	
638	640	647	641	642	643	727	36	735	8	736	21	644	645	646	632	639	716	739	774	746	631	621	615	616	617	618	619	
620	622	629	623	624	625	11	53	16	748	39	626	627	628	387	32	35	27	20	1	37	449	385	98	89	103	115	386	
60	56	55	59	159	123	42	54	26	30	192	191	190	187	186	23	6	731	10	49	126	139	141	157	176	57	143	144	
145	146	147	148	149	150	151	152	153	154	155	156	142	158	28	772	14	753	738	124	125	127	128	129	130	131	132	133	
134	135	136	137	138	140	160	178	161	181	182	183	184	185	769	29	749	25	188	189	193	195	180	196	179	177	162	163	
164	165	166	167	168	169	170	171	172	173	174	175	122	50	22	763	5	713	121	66	67	68	69	70	71	72	74	82	
75	76	77	78	79	80	64	65	73	63	62	58	51	9	726	47	40	698	81	83	102	85	84	105	106	107	108	109	
110	111	112	113	114	116	117	118	119	104	120	695	703	714	710	15	45	101	86	87	88	90	91	92	93	94	95	96	
97	99	100	194	197	291	199	317	318	319	52	745	759	741	41	697	320	321	322	323	324	325	327	337	328	329	330	331	
332	333	334	335	336	316	315	314	313	294	702	19	744	717	295	296	297	298	299	300	301	302	303	304	305	306	307	308	
309	310	311	312	326	339	373	340	364	715	38	7	24	696	365	366	367	368	369	370	371	372	374	384	375	376	377	378	
379	380	381	382	383	363	362	361	360	704	730	781	708	341	342	343	344	345	346	347	348	349	350	351	352	353	354	355	
356	357	358	359	293	338	292	244	31	17	2	3	33	223	224	225	226	227	228	229	230	231	233	243	234	235	236	237	
238	239	240	241	242	222	221	220	732	773	0	718	219	200	201	202	203	204	205	206	207	208	209	210	211	212	213	214	
215	216	217	218	232	245	279	246	729	770	719	270	271	272	273	274	275	276	277	278	280	290	281	282	283	284	285	286	
287	288	289	269	268	267	266	247	248	249	250	251	252	253	254	255	256	257	258	259	260	261	262	263	264	265	61	693	
