0.000000E+00	0.000000E+00	-0.000000E+00	0.000000E+00	-0.000000E+00	0.000000E+00	0.000000E+00	-0.000000E+00	0.000000E+00	-0.000000E+00	0.000000E+00	-0.000000E+00	0.000000E+00	0.000000E+00	-0.000000E+00	0.000000E+00	-0.000000E+00	-0.000000E+00	-0.000000E+00	-0.000000E+00	0.000000E+00	-0.000000E+00	0.000000E+00	-0.000000E+00	0.000000E+00	0.000000E+00	0.000000E+00	-0.000000E+00	
-0.000000E+00	0.000000E+00	0.000000E+00	0.000000E+00	-0.000000E+00	0.000000E+00	-0.000000E+00	-0.000000E+00	-0.000000E+00	-0.000000E+00	0.000000E+00	0.000000E+00	0.000000E+00	0.000000E+00	0.000000E+00	0.000000E+00	-0.000000E+00	0.000000E+00	0.000000E+00	0.000000E+00	0.000000E+00	0.000000E+00	0.000000E+00	-0.000000E+00	-0.000000E+00	0.000000E+00	-0.000000E+00	0.000000E+00	
-0.000000E+00	0.000000E+00	0.000000E+00	-0.000000E+00	0.000000E+00	-0.000000E+00	-0.000000E+00	-0.000000E+00	-0.000000E+00	-0.000000E+00	-0.000000E+00	0.000000E+00	0.000000E+00	-0.000000E+00	-0.000000E+00	-0.000000E+00	-0.000000E+00	-0.000000E+00	-0.000000E+00	0.000000E+00	0.000000E+00	0.000000E+00	0.000000E+00	-0.000000E+00	-0.000000E+00	-0.000000E+00	0.000000E+00	-0.000000E+00	
-0.000000E+00	0.000000E+00	-0.000000E+00	0.000000E+00	-0.000000E+00	-0.000000E+00	-0.000000E+00	-0.000000E+00	-0.000000E+00	-0.000000E+00	-0.000000E+00	-0.000000E+00	-0.000000E+00	-0.000000E+00	-0.000000E+00	-0.000000E+00	-0.000000E+00	-0.000000E+00	0.000000E+00	-0.000000E+00	0.000000E+00	0.000000E+00	0.000000E+00	0.000000E+00	0.000000E+00	-0.000000E+00	-0.000000E+00	-0.000000E+00	
0.000000E+00	-0.000000E+00	-0.000000E+00	-0.000000E+00	0.000000E+00	-0.000000E+00	-0.000000E+00	0.000000E+00	0.000000E+00	-0.000000E+00	-0.000000E+00	-0.000000E+00	0.000000E+00	0.000000E+00	-0.000000E+00	-0.000000E+00	-0.000000E+00	0.000000E+00	-0.000000E+00	-0.000000E+00	-0.000000E+00	0.000000E+00	0.000000E+00	0.000000E+00	0.000000E+00	0.000000E+00	0.000000E+00	0.000000E+00	
-0.000000E+00	-0.000000E+00	-0.000000E+00	0.000000E+00	-0.000000E+00	-0.000000E+00	-0.000000E+00	-0.000000E+00	-0.000000E+00	0.000000E+00	0.000000E+00	0.000000E+00	0.000000E+00	0.000000E+00	-0.000000E+00	0.000000E+00	-0.000000E+00	0.000000E+00	-0.000000E+00	-6.659247E-04	5.917732E-03	-2.106421E-02	1.436957E-03	-0.000000E+00	0.000000E+00	0.000000E+00	0.000000E+00	0.000000E+00	
0.000000E+00	0.000000E+00	0.000000E+00	-0.000000E+00	-0.000000E+00	0.000000E+00	-0.000000E+00	-0.000000E+00	0.000000E+00	-0.000000E+00	-0.000000E+00	-0.000000E+00	-0.000000E+00	0.000000E+00	-0.000000E+00	-6.078766E-04	-3.964216E-03	1.231953E-03	-2.492937E-03	7.612189E-03	1.018591E-02	2.346197E-03	2.730971E-04	0.000000E+00	0.000000E+00	0.000000E+00	0.000000E+00	-0.000000E+00	
-0.000000E+00	0.000000E+00	-0.000000E+00	-0.000000E+00	-0.000000E+00	0.000000E+00	-0.000000E+00	-0.000000E+00	0.000000E+00	-0.000000E+00	0.000000E+00	1.910405E-03	-1.086284E-02	1.154351E-02	-2.039335E-02	1.891931E-02	4.379755E-03	-1.060070E-03	9.083435E-03	-8.285650E-03	-3.053098E-03	6.652781E-03	6.077256E-04	0.000000E+00	0.000000E+00	0.000000E+00	0.000000E+00	0.000000E+00	
-0.000000E+00	-0.000000E+00	0.000000E+00	0.000000E+00	-0.000000E+00	-0.000000E+00	0.000000E+00	-0.000000E+00	0.000000E+00	0.000000E+00	-0.000000E+00	-7.133981E-03	6.838563E-03	-2.296940E-03	-1.447106E-02	-1.555394E-02	8.550338E-03	-3.999104E-03	7.952172E-03	2.425454E-02	-4.873765E-03	1.713179E-02	-0.000000E+00	0.000000E+00	0.000000E+00	0.000000E+00	0.000000E+00	-0.000000E+00	
0.000000E+00	-0.000000E+00	-0.000000E+00	-0.000000E+00	-0.000000E+00	-0.000000E+00	0.000000E+00	-0.000000E+00	-0.000000E+00	-0.000000E+00	2.288693E-03	7.779503E-03	-3.267058E-02	9.201255E-03	-7.759666E-03	-1.694227E-03	-0.000000E+00	2.217391E-03	6.772216E-03	1.085336E-02	3.077668E-02	7.369933E-04	-0.000000E+00	0.000000E+00	0.000000E+00	0.000000E+00	-0.000000E+00	-0.000000E+00	
0.000000E+00	-0.000000E+00	-0.000000E+00	0.000000E+00	0.000000E+00	-0.000000E+00	0.000000E+00	-0.000000E+00	-0.000000E+00	-0.000000E+00	-9.158003E-03	2.291621E-02	3.933616E-02	2.115562E-03	0.000000E+00	-0.000000E+00	-3.770040E-03	-6.122145E-03	1.500001E-02	-2.180131E-04	2.105559E-03	0.000000E+00	0.000000E+00	0.000000E+00	0.000000E+00	0.000000E+00	0.000000E+00	-0.000000E+00	
0.000000E+00	-0.000000E+00	-0.000000E+00	-0.000000E+00	0.000000E+00	0.000000E+00	0.000000E+00	0.000000E+00	0.000000E+00	0.000000E+00	2.174267E-02	5.165455E-02	7.191406E-02	1.910517E-03	-1.135775E-03	-2.614449E-03	-2.268612E-03	-1.625944E-02	1.895773E-03	-1.649234E-03	-0.000000E+00	-0.000000E+00	0.000000E+00	0.000000E+00	-0.000000E+00	0.000000E+00	0.000000E+00	0.000000E+00	
0.000000E+00	0.000000E+00	0.000000E+00	0.000000E+00	0.000000E+00	0.000000E+00	0.000000E+00	0.000000E+00	0.000000E+00	0.000000E+00	1.438228E-03	2.195617E-02	3.495584E-02	2.938476E-02	-1.802139E-03	-2.320812E-02	-2.535171E-02	1.380047E-02	-5.631615E-03	0.000000E+00	0.000000E+00	-0.000000E+00	0.000000E+00	0.000000E+00	0.000000E+00	-0.000000E+00	-0.000000E+00	-0.000000E+00	
-0.000000E+00	0.000000E+00	0.000000E+00	0.000000E+00	0.000000E+00	0.000000E+00	0.000000E+00	0.000000E+00	0.000000E+00	0.000000E+00	0.000000E+00	4.922010E-03	3.809143E-02	1.760185E-02	-1.336259E-02	3.303094E-02	-2.109038E-02	7.253589E-03	1.281729E-03	0.000000E+00	0.000000E+00	-0.000000E+00	0.000000E+00	0.000000E+00	-0.000000E+00	-0.000000E+00	-0.000000E+00	-0.000000E+00	
0.000000E+00	0.000000E+00	0.000000E+00	0.000000E+00	0.000000E+00	0.000000E+00	-0.000000E+00	-0.000000E+00	0.000000E+00	0.000000E+00	0.000000E+00	1.362969E-02	7.428021E-03	1.852069E-03	-6.532964E-03	9.549410E-03	4.588158E-04	3.521980E-03	-0.000000E+00	-0.000000E+00	-0.000000E+00	-0.000000E+00	0.000000E+00	-0.000000E+00	-0.000000E+00	-0.000000E+00	-0.000000E+00	-0.000000E+00	
0.000000E+00	-0.000000E+00	0.000000E+00	0.000000E+00	0.000000E+00	-0.000000E+00	-0.000000E+00	0.000000E+00	0.000000E+00	0.000000E+00	2.576817E-04	-8.653738E-03	1.104651E-02	-1.055446E-02	7.107615E-03	-2.644025E-03	0.000000E+00	0.000000E+00	0.000000E+00	0.000000E+00	0.000000E+00	-0.000000E+00	0.000000E+00	-0.000000E+00	-0.000000E+00	-0.000000E+00	-0.000000E+00	-0.000000E+00	
0.000000E+00	0.000000E+00	-0.000000E+00	-0.000000E+00	-0.000000E+00	0.000000E+00	-0.000000E+00	0.000000E+00	0.000000E+00	-0.000000E+00	6.102220E-03	5.289360E-03	2.946943E-02	-2.745158E-03	-2.200029E-02	2.108957E-02	0.000000E+00	0.000000E+00	0.000000E+00	-0.000000E+00	0.000000E+00	-0.000000E+00	-0.000000E+00	-0.000000E+00	-0.000000E+00	-0.000000E+00	-0.000000E+00	-0.000000E+00	
0.000000E+00	0.000000E+00	-0.000000E+00	0.000000E+00	-0.000000E+00	0.000000E+00	-0.000000E+00	0.000000E+00	-1.135039E-04	9.010984E-04	-9.010099E-03	-2.950064E-02	-2.887381E-02	5.432835E-03	-1.064508E-02	1.160820E-02	0.000000E+00	0.000000E+00	-0.000000E+00	-0.000000E+00	0.000000E+00	0.000000E+00	0.000000E+00	-0.000000E+00	-0.000000E+00	-0.000000E+00	-0.000000E+00	-0.000000E+00	
-0.000000E+00	-0.000000E+00	-0.000000E+00	-0.000000E+00	-0.000000E+00	-0.000000E+00	-0.000000E+00	-0.000000E+00	5.639417E-03	-8.131015E-03	-3.029661E-03	-1.432157E-03	-2.299906E-03	-1.204422E-02	8.549765E-03	-5.014780E-03	0.000000E+00	-0.000000E+00	-0.000000E+00	0.000000E+00	0.000000E+00	0.000000E+00	-0.000000E+00	-0.000000E+00	-0.000000E+00	-0.000000E+00	-0.000000E+00	-0.000000E+00	
0.000000E+00	-0.000000E+00	0.000000E+00	-0.000000E+00	-0.000000E+00	0.000000E+00	0.000000E+00	-7.067380E-03	5.046119E-03	-3.242019E-02	-4.438132E-03	2.697106E-04	-9.084303E-04	-2.512353E-02	-1.836960E-02	-8.496942E-03	-0.000000E+00	0.000000E+00	-0.000000E+00	0.000000E+00	-0.000000E+00	0.000000E+00	-0.000000E+00	-0.000000E+00	-0.000000E+00	-0.000000E+00	-0.000000E+00	0.000000E+00	
-0.000000E+00	0.000000E+00	0.000000E+00	-0.000000E+00	-0.000000E+00	0.000000E+00	-0.000000E+00	-9.975099E-03	-2.835104E-02	-1.612279E-02	0.000000E+00	-5.278345E-04	-3.575359E-03	-1.421677E-02	-1.682531E-02	6.118885E-03	0.000000E+00	0.000000E+00	-0.000000E+00	-0.000000E+00	0.000000E+00	0.000000E+00	-0.000000E+00	-0.000000E+00	-0.000000E+00	-0.000000E+00	-0.000000E+00	0.000000E+00	
0.000000E+00	-0.000000E+00	0.000000E+00	-0.000000E+00	0.000000E+00	-0.000000E+00	-0.000000E+00	-6.820367E-03	-2.136028E-02	1.512674E-02	-3.658477E-04	9.250674E-03	-1.650027E-02	5.601385E-03	-2.499552E-03	0.000000E+00	-0.000000E+00	0.000000E+00	-0.000000E+00	-0.000000E+00	0.000000E+00	-0.000000E+00	-0.000000E+00	-0.000000E+00	-0.000000E+00	-0.000000E+00	-0.000000E+00	0.000000E+00	
-0.000000E+00	-0.000000E+00	0.000000E+00	-0.000000E+00	-0.000000E+00	-0.000000E+00	-0.000000E+00	-6.007565E-03	5.392517E-03	-1.279273E-02	-1.370777E-04	1.216548E-02	2.958852E-02	3.858868E-03	-0.000000E+00	0.000000E+00	-0.000000E+00	-0.000000E+00	0.000000E+00	-0.000000E+00	-0.000000E+00	-0.000000E+00	0.000000E+00	0.000000E+00	-0.000000E+00	0.000000E+00	0.000000E+00	0.000000E+00	
-0.000000E+00	-0.000000E+00	0.000000E+00	0.000000E+00	0.000000E+00	-0.000000E+00	-0.000000E+00	-6.665439E-03	1.856930E-02	-6.214227E-03	2.101756E-02	-1.532361E-03	-1.988844E-03	2.967740E-05	0.000000E+00	-0.000000E+00	0.000000E+00	0.000000E+00	0.000000E+00	-0.000000E+00	0.000000E+00	-0.000000E+00	0.000000E+00	0.000000E+00	-0.000000E+00	0.000000E+00	-0.000000E+00	0.000000E+00	
0.000000E+00	0.000000E+00	0.000000E+00	0.000000E+00	-0.000000E+00	0.000000E+00	-0.000000E+00	-3.603333E-05	-4.619382E-03	-8.932519E-03	-7.078610E-03	1.821796E-03	0.000000E+00	0.000000E+00	-0.000000E+00	0.000000E+00	0.000000E+00	-0.000000E+00	0.000000E+00	0.000000E+00	0.000000E+00	0.000000E+00	0.000000E+00	0.000000E+00	-0.000000E+00	-0.000000E+00	-0.000000E+00	-0.000000E+00	
0.000000E+00	-0.000000E+00	-0.000000E+00	-0.000000E+00	-0.000000E+00	-0.000000E+00	-0.000000E+00	0.000000E+00	-0.000000E+00	-0.000000E+00	-0.000000E+00	-0.000000E+00	-0.000000E+00	0.000000E+00	-0.000000E+00	-0.000000E+00	-0.000000E+00	0.000000E+00	0.000000E+00	0.000000E+00	0.000000E+00	0.000000E+00	0.000000E+00	0.000000E+00	0.000000E+00	-0.000000E+00	-0.000000E+00	-0.000000E+00	
-0.000000E+00	-0.000000E+00	0.000000E+00	0.000000E+00	0.000000E+00	0.000000E+00	0.000000E+00	0.000000E+00	-0.000000E+00	-0.000000E+00	-0.000000E+00	0.000000E+00	0.000000E+00	0.000000E+00	0.000000E+00	0.000000E+00	0.000000E+00	0.000000E+00	0.000000E+00	0.000000E+00	0.000000E+00	0.000000E+00	0.000000E+00	-0.000000E+00	-0.000000E+00	-0.000000E+00	0.000000E+00	-0.000000E+00	
0.000000E+00	0.000000E+00	0.000000E+00	-0.000000E+00	0.000000E+00	-0.000000E+00	-0.000000E+00	-0.000000E+00	-0.000000E+00	-0.000000E+00	-0.000000E+00	0.000000E+00	0.000000E+00	0.000000E+00	0.000000E+00	0.000000E+00	-0.000000E+00	-0.000000E+00	-0.000000E+00	-0.000000E+00	0.000000E+00	0.000000E+00	0.000000E+00	0.000000E+00	0.000000E+00	0.000000E+00	0.000000E+00	-0.000000E+00	
