-0.000000E+00	0.000000E+00	-0.000000E+00	-0.000000E+00	0.000000E+00	-0.000000E+00	-0.000000E+00	0.000000E+00	0.000000E+00	0.000000E+00	0.000000E+00	-0.000000E+00	0.000000E+00	0.000000E+00	0.000000E+00	0.000000E+00	-0.000000E+00	0.000000E+00	-0.000000E+00	0.000000E+00	0.000000E+00	0.000000E+00	0.000000E+00	0.000000E+00	0.000000E+00	-0.000000E+00	-0.000000E+00	-0.000000E+00	
0.000000E+00	0.000000E+00	-0.000000E+00	-0.000000E+00	-0.000000E+00	-0.000000E+00	0.000000E+00	0.000000E+00	0.000000E+00	0.000000E+00	0.000000E+00	0.000000E+00	0.000000E+00	0.000000E+00	0.000000E+00	0.000000E+00	0.000000E+00	0.000000E+00	0.000000E+00	0.000000E+00	-0.000000E+00	0.000000E+00	0.000000E+00	0.000000E+00	0.000000E+00	0.000000E+00	-0.000000E+00	-0.000000E+00	
0.000000E+00	-0.000000E+00	0.000000E+00	0.000000E+00	0.000000E+00	0.000000E+00	0.000000E+00	0.000000E+00	0.000000E+00	0.000000E+00	0.000000E+00	0.000000E+00	0.000000E+00	0.000000E+00	0.000000E+00	0.000000E+00	0.000000E+00	0.000000E+00	0.000000E+00	0.000000E+00	0.000000E+00	0.000000E+00	0.000000E+00	0.000000E+00	0.000000E+00	0.000000E+00	0.000000E+00	-0.000000E+00	
0.000000E+00	0.000000E+00	-0.000000E+00	0.000000E+00	0.000000E+00	0.000000E+00	0.000000E+00	0.000000E+00	0.000000E+00	0.000000E+00	0.000000E+00	0.000000E+00	0.000000E+00	0.000000E+00	0.000000E+00	0.000000E+00	0.000000E+00	0.000000E+00	0.000000E+00	-0.000000E+00	-0.000000E+00	-0.000000E+00	-0.000000E+00	0.000000E+00	0.000000E+00	-0.000000E+00	-0.000000E+00	-0.000000E+00	
0.000000E+00	0.000000E+00	0.000000E+00	-0.000000E+00	-0.000000E+00	0.000000E+00	0.000000E+00	0.000000E+00	0.000000E+00	0.000000E+00	0.000000E+00	0.000000E+00	0.000000E+00	0.000000E+00	0.000000E+00	0.000000E+00	0.000000E+00	0.000000E+00	0.000000E+00	0.000000E+00	0.000000E+00	-0.000000E+00	-0.000000E+00	-0.000000E+00	-0.000000E+00	-0.000000E+00	0.000000E+00	0.000000E+00	
-0.000000E+00	0.000000E+00	0.000000E+00	0.000000E+00	0.000000E+00	0.000000E+00	0.000000E+00	0.000000E+00	0.000000E+00	-0.000000E+00	0.000000E+00	0.000000E+00	-0.000000E+00	0.000000E+00	0.000000E+00	8.108007E-06	3.917552E-05	3.904828E-05	-6.386045E-05	2.679725E-06	-0.000000E+00	-0.000000E+00	-0.000000E+00	-0.000000E+00	-0.000000E+00	0.000000E+00	0.000000E+00	0.000000E+00	
0.000000E+00	-0.000000E+00	0.000000E+00	0.000000E+00	0.000000E+00	-0.000000E+00	-0.000000E+00	0.000000E+00	-0.000000E+00	-0.000000E+00	0.000000E+00	-0.000000E+00	-0.000000E+00	-2.509802E-06	-9.632057E-05	-9.559517E-06	-3.098465E-04	-9.368731E-06	-1.556501E-05	-1.027962E-04	0.000000E+00	-0.000000E+00	-0.000000E+00	0.000000E+00	-0.000000E+00	-0.000000E+00	-0.000000E+00	0.000000E+00	
-0.000000E+00	-0.000000E+00	0.000000E+00	-0.000000E+00	0.000000E+00	-0.000000E+00	-0.000000E+00	0.000000E+00	-0.000000E+00	-0.000000E+00	0.000000E+00	-1.479841E-06	-1.458802E-04	-1.306073E-04	-3.899831E-05	-1.635308E-04	-1.325931E-04	-1.857737E-04	1.176201E-04	-1.096126E-04	-3.554176E-05	0.000000E+00	0.000000E+00	-0.000000E+00	-0.000000E+00	-0.000000E+00	-0.000000E+00	0.000000E+00	
0.000000E+00	0.000000E+00	0.000000E+00	-0.000000E+00	0.000000E+00	0.000000E+00	-0.000000E+00	0.000000E+00	-0.000000E+00	-1.435713E-05	6.179162E-05	-1.730745E-04	3.749094E-05	8.175185E-05	1.593114E-04	5.375939E-05	9.114384E-06	2.937214E-05	-1.581364E-04	1.511442E-04	7.582535E-06	0.000000E+00	0.000000E+00	0.000000E+00	-0.000000E+00	-0.000000E+00	0.000000E+00	-0.000000E+00	
-0.000000E+00	-0.000000E+00	-0.000000E+00	-0.000000E+00	0.000000E+00	-0.000000E+00	-0.000000E+00	0.000000E+00	-0.000000E+00	-5.734710E-05	-9.967371E-05	-1.254619E-04	-5.108186E-04	-8.652294E-06	4.274085E-05	3.447165E-06	0.000000E+00	6.034958E-08	2.317618E-04	2.112259E-04	6.355033E-05	0.000000E+00	0.000000E+00	0.000000E+00	0.000000E+00	0.000000E+00	-0.000000E+00	-0.000000E+00	
-0.000000E+00	0.000000E+00	-0.000000E+00	-0.000000E+00	-0.000000E+00	0.000000E+00	-0.000000E+00	-0.000000E+00	0.000000E+00	-1.930619E-04	1.480779E-04	9.825440E-05	-1.165264E-04	-1.574185E-04	1.098930E-05	-0.000000E+00	-0.000000E+00	1.309611E-05	1.510648E-04	-1.256189E-05	-1.895690E-05	0.000000E+00	0.000000E+00	0.000000E+00	0.000000E+00	-0.000000E+00	-0.000000E+00	-0.000000E+00	
-0.000000E+00	0.000000E+00	-0.000000E+00	-0.000000E+00	-0.000000E+00	0.000000E+00	-0.000000E+00	-0.000000E+00	-0.000000E+00	-1.739588E-05	-1.848361E-04	-3.252389E-05	-2.681158E-05	0.000000E+00	-0.000000E+00	-0.000000E+00	-0.000000E+00	-2.090103E-04	-2.182191E-04	1.474357E-04	-5.787572E-05	-0.000000E+00	-0.000000E+00	0.000000E+00	0.000000E+00	-0.000000E+00	-0.000000E+00	-0.000000E+00	
0.000000E+00	0.000000E+00	-0.000000E+00	0.000000E+00	-0.000000E+00	-0.000000E+00	-0.000000E+00	-0.000000E+00	-0.000000E+00	0.000000E+00	-0.000000E+00	-0.000000E+00	0.000000E+00	-0.000000E+00	-0.000000E+00	-0.000000E+00	-0.000000E+00	-7.482421E-05	-4.627753E-04	-1.785721E-04	-1.669658E-05	0.000000E+00	0.000000E+00	-0.000000E+00	0.000000E+00	0.000000E+00	-0.000000E+00	-0.000000E+00	
0.000000E+00	0.000000E+00	-0.000000E+00	-0.000000E+00	-0.000000E+00	-0.000000E+00	-0.000000E+00	-0.000000E+00	-0.000000E+00	-0.000000E+00	-0.000000E+00	-0.000000E+00	-0.000000E+00	2.240509E-05	-2.144926E-05	-4.516301E-05	-4.852284E-05	-8.989410E-05	-2.050383E-04	-1.256757E-04	-3.228220E-06	-0.000000E+00	0.000000E+00	0.000000E+00	0.000000E+00	0.000000E+00	0.000000E+00	0.000000E+00	
-0.000000E+00	-0.000000E+00	-0.000000E+00	-0.000000E+00	-0.000000E+00	-0.000000E+00	0.000000E+00	-0.000000E+00	-0.000000E+00	-0.000000E+00	-6.553897E-06	6.950343E-06	1.525781E-04	1.923454E-04	1.330808E-04	-3.702012E-04	-7.622955E-05	-3.879723E-04	-9.853344E-05	-3.352106E-05	-0.000000E+00	0.000000E+00	-0.000000E+00	0.000000E+00	0.000000E+00	0.000000E+00	0.000000E+00	0.000000E+00	
0.000000E+00	-0.000000E+00	0.000000E+00	-0.000000E+00	-0.000000E+00	0.000000E+00	-0.000000E+00	0.000000E+00	-2.367202E-06	1.699732E-05	-7.048458E-06	-1.024681E-04	8.102402E-05	1.882236E-04	3.059703E-04	-3.116300E-04	-8.733915E-05	-3.440384E-04	-1.901749E-04	-1.449268E-04	-2.387559E-06	-0.000000E+00	-0.000000E+00	0.000000E+00	0.000000E+00	0.000000E+00	0.000000E+00	0.000000E+00	
-0.000000E+00	0.000000E+00	0.000000E+00	0.000000E+00	0.000000E+00	0.000000E+00	-0.000000E+00	-3.272547E-06	-8.669798E-05	1.259859E-04	-1.190020E-04	1.581749E-04	6.985184E-06	0.000000E+00	1.630311E-05	-1.085299E-04	-2.207148E-05	-2.669370E-04	-2.398154E-05	2.809821E-05	-1.163521E-04	1.071084E-06	-0.000000E+00	0.000000E+00	0.000000E+00	0.000000E+00	0.000000E+00	0.000000E+00	
-0.000000E+00	-0.000000E+00	0.000000E+00	0.000000E+00	0.000000E+00	0.000000E+00	2.536230E-06	-1.722132E-04	-1.150373E-04	9.631719E-05	1.159390E-04	2.938075E-06	-0.000000E+00	-1.863138E-05	2.821599E-04	-3.587855E-04	3.193132E-05	-3.401343E-05	-8.326674E-05	1.419230E-04	1.591066E-04	5.359357E-05	-3.005378E-05	4.802146E-06	9.900629E-06	0.000000E+00	0.000000E+00	0.000000E+00	
0.000000E+00	0.000000E+00	0.000000E+00	0.000000E+00	0.000000E+00	7.783145E-07	1.141471E-04	3.563340E-04	2.745840E-04	1.178101E-04	1.154485E-05	-0.000000E+00	7.860132E-05	-3.832251E-05	3.714297E-05	1.634172E-04	2.515129E-05	0.000000E+00	6.775706E-06	4.905887E-05	-7.918180E-05	2.004976E-04	1.523233E-04	6.587541E-05	3.073645E-04	0.000000E+00	0.000000E+00	0.000000E+00	
-0.000000E+00	-0.000000E+00	-0.000000E+00	0.000000E+00	0.000000E+00	-4.036681E-05	9.334124E-05	2.816782E-04	5.403588E-05	2.094938E-05	1.534369E-04	7.489725E-05	2.010632E-04	3.882455E-04	2.271802E-05	2.332215E-05	0.000000E+00	0.000000E+00	0.000000E+00	0.000000E+00	0.000000E+00	7.892021E-05	3.751710E-04	2.738121E-04	4.189049E-05	0.000000E+00	0.000000E+00	0.000000E+00	
0.000000E+00	0.000000E+00	-0.000000E+00	0.000000E+00	0.000000E+00	2.147211E-04	2.282080E-04	5.294246E-04	2.337583E-04	1.046673E-04	4.547809E-04	6.067228E-04	4.236703E-04	6.757244E-05	-3.116918E-07	0.000000E+00	0.000000E+00	0.000000E+00	0.000000E+00	0.000000E+00	0.000000E+00	0.000000E+00	0.000000E+00	0.000000E+00	0.000000E+00	0.000000E+00	0.000000E+00	-0.000000E+00	
-0.000000E+00	0.000000E+00	0.000000E+00	0.000000E+00	0.000000E+00	2.042149E-04	6.878725E-05	1.601708E-04	6.263389E-05	1.990920E-04	1.317270E-04	8.950719E-05	2.544322E-05	6.539347E-06	0.000000E+00	0.000000E+00	-0.000000E+00	0.000000E+00	0.000000E+00	0.000000E+00	-0.000000E+00	0.000000E+00	0.000000E+00	0.000000E+00	-0.000000E+00	0.000000E+00	0.000000E+00	-0.000000E+00	
-0.000000E+00	0.000000E+00	0.000000E+00	0.000000E+00	0.000000E+00	1.199366E-05	8.803793E-05	1.413041E-04	8.765416E-05	2.219471E-05	-4.892134E-07	0.000000E+00	-0.000000E+00	0.000000E+00	0.000000E+00	0.000000E+00	0.000000E+00	0.000000E+00	-0.000000E+00	0.000000E+00	-0.000000E+00	0.000000E+00	-0.000000E+00	0.000000E+00	-0.000000E+00	-0.000000E+00	-0.000000E+00	-0.000000E+00	
0.000000E+00	-0.000000E+00	0.000000E+00	0.000000E+00	-0.000000E+00	-0.000000E+00	-0.000000E+00	0.000000E+00	0.000000E+00	0.000000E+00	-0.000000E+00	0.000000E+00	0.000000E+00	0.000000E+00	0.000000E+00	0.000000E+00	0.000000E+00	0.000000E+00	0.000000E+00	0.000000E+00	0.000000E+00	0.000000E+00	0.000000E+00	0.000000E+00	-0.000000E+00	-0.000000E+00	-0.000000E+00	0.000000E+00	
-0.000000E+00	0.000000E+00	-0.000000E+00	0.000000E+00	-0.000000E+00	-0.000000E+00	-0.000000E+00	-0.000000E+00	-0.000000E+00	-0.000000E+00	-0.000000E+00	-0.000000E+00	0.000000E+00	0.000000E+00	0.000000E+00	0.000000E+00	0.000000E+00	-0.000000E+00	0.000000E+00	0.000000E+00	-0.000000E+00	-0.000000E+00	-0.000000E+00	-0.000000E+00	0.000000E+00	0.000000E+00	0.000000E+00	-0.000000E+00	
-0.000000E+00	0.000000E+00	0.000000E+00	-0.000000E+00	-0.000000E+00	-0.000000E+00	-0.000000E+00	-0.000000E+00	-0.000000E+00	-0.000000E+00	-0.000000E+00	-0.000000E+00	-0.000000E+00	-0.000000E+00	-0.000000E+00	0.000000E+00	-0.000000E+00	-0.000000E+00	-0.000000E+00	-0.000000E+00	-0.000000E+00	-0.000000E+00	-0.000000E+00	-0.000000E+00	0.000000E+00	0.000000E+00	0.000000E+00	0.000000E+00	
0.000000E+00	0.000000E+00	-0.000000E+00	-0.000000E+00	-0.000000E+00	-0.000000E+00	-0.000000E+00	-0.000000E+00	-0.000000E+00	-0.000000E+00	-0.000000E+00	-0.000000E+00	-0.000000E+00	-0.000000E+00	-0.000000E+00	-0.000000E+00	-0.000000E+00	-0.000000E+00	-0.000000E+00	-0.000000E+00	-0.000000E+00	-0.000000E+00	-0.000000E+00	-0.000000E+00	-0.000000E+00	0.000000E+00	-0.000000E+00	0.000000E+00	
-0.000000E+00	-0.000000E+00	0.000000E+00	0.000000E+00	-0.000000E+00	0.000000E+00	0.000000E+00	0.000000E+00	0.000000E+00	-0.000000E+00	0.000000E+00	0.000000E+00	0.000000E+00	-0.000000E+00	-0.000000E+00	-0.000000E+00	-0.000000E+00	-0.000000E+00	-0.000000E+00	-0.000000E+00	-0.000000E+00	-0.000000E+00	-0.000000E+00	-0.000000E+00	-0.000000E+00	0.000000E+00	0.000000E+00	0.000000E+00	
