-0.000000E+00	0.000000E+00	-0.000000E+00	-0.000000E+00	0.000000E+00	-0.000000E+00	-0.000000E+00	0.000000E+00	-0.000000E+00	0.000000E+00	0.000000E+00	0.000000E+00	0.000000E+00	0.000000E+00	0.000000E+00	0.000000E+00	-0.000000E+00	-0.000000E+00	-0.000000E+00	0.000000E+00	-0.000000E+00	0.000000E+00	0.000000E+00	0.000000E+00	0.000000E+00	-0.000000E+00	0.000000E+00	-0.000000E+00	
-0.000000E+00	-0.000000E+00	-0.000000E+00	-0.000000E+00	-0.000000E+00	-0.000000E+00	0.000000E+00	0.000000E+00	0.000000E+00	0.000000E+00	0.000000E+00	0.000000E+00	0.000000E+00	0.000000E+00	0.000000E+00	0.000000E+00	0.000000E+00	0.000000E+00	0.000000E+00	0.000000E+00	0.000000E+00	0.000000E+00	0.000000E+00	0.000000E+00	0.000000E+00	0.000000E+00	0.000000E+00	0.000000E+00	
-0.000000E+00	0.000000E+00	0.000000E+00	0.000000E+00	0.000000E+00	0.000000E+00	0.000000E+00	0.000000E+00	0.000000E+00	0.000000E+00	0.000000E+00	0.000000E+00	0.000000E+00	0.000000E+00	0.000000E+00	0.000000E+00	6.312733E-05	2.824312E-04	3.501817E-04	0.000000E+00	0.000000E+00	0.000000E+00	0.000000E+00	0.000000E+00	-0.000000E+00	-0.000000E+00	0.000000E+00	-0.000000E+00	
0.000000E+00	-0.000000E+00	-0.000000E+00	0.000000E+00	0.000000E+00	0.000000E+00	0.000000E+00	0.000000E+00	0.000000E+00	0.000000E+00	0.000000E+00	0.000000E+00	0.000000E+00	0.000000E+00	0.000000E+00	2.353459E-04	1.075799E-04	-4.786323E-06	1.928106E-04	0.000000E+00	0.000000E+00	0.000000E+00	0.000000E+00	0.000000E+00	0.000000E+00	-0.000000E+00	-0.000000E+00	-0.000000E+00	
0.000000E+00	0.000000E+00	0.000000E+00	-0.000000E+00	0.000000E+00	0.000000E+00	0.000000E+00	0.000000E+00	0.000000E+00	0.000000E+00	0.000000E+00	0.000000E+00	0.000000E+00	1.245266E-05	1.514773E-04	2.204598E-04	2.014852E-04	1.103736E-04	1.646613E-05	0.000000E+00	0.000000E+00	0.000000E+00	-0.000000E+00	-0.000000E+00	-0.000000E+00	0.000000E+00	0.000000E+00	-0.000000E+00	
0.000000E+00	0.000000E+00	0.000000E+00	-0.000000E+00	-0.000000E+00	-0.000000E+00	0.000000E+00	0.000000E+00	-0.000000E+00	-0.000000E+00	-0.000000E+00	-0.000000E+00	-2.433615E-05	2.655400E-05	-5.651833E-05	3.376705E-05	1.340562E-04	3.202490E-05	0.000000E+00	0.000000E+00	0.000000E+00	0.000000E+00	0.000000E+00	-0.000000E+00	-0.000000E+00	0.000000E+00	0.000000E+00	0.000000E+00	
0.000000E+00	-0.000000E+00	0.000000E+00	0.000000E+00	-0.000000E+00	-0.000000E+00	-0.000000E+00	-0.000000E+00	-0.000000E+00	-0.000000E+00	-0.000000E+00	-0.000000E+00	6.817548E-06	-1.198153E-04	-2.456348E-04	7.061206E-05	9.414335E-06	-0.000000E+00	-0.000000E+00	-0.000000E+00	0.000000E+00	0.000000E+00	0.000000E+00	0.000000E+00	0.000000E+00	-0.000000E+00	-0.000000E+00	0.000000E+00	
-0.000000E+00	-0.000000E+00	0.000000E+00	-0.000000E+00	0.000000E+00	-0.000000E+00	-0.000000E+00	0.000000E+00	0.000000E+00	-0.000000E+00	0.000000E+00	-1.269874E-05	-9.685803E-05	-1.353410E-04	7.269059E-05	-2.725189E-05	-0.000000E+00	0.000000E+00	0.000000E+00	0.000000E+00	-0.000000E+00	-0.000000E+00	0.000000E+00	-0.000000E+00	0.000000E+00	-0.000000E+00	-0.000000E+00	0.000000E+00	
0.000000E+00	0.000000E+00	0.000000E+00	-0.000000E+00	-0.000000E+00	0.000000E+00	-0.000000E+00	0.000000E+00	-0.000000E+00	-0.000000E+00	0.000000E+00	2.012260E-06	1.715170E-04	2.078698E-05	-3.230636E-05	-0.000000E+00	-0.000000E+00	-0.000000E+00	-0.000000E+00	-0.000000E+00	-0.000000E+00	-0.000000E+00	-0.000000E+00	-0.000000E+00	-0.000000E+00	-0.000000E+00	0.000000E+00	-0.000000E+00	
-0.000000E+00	0.000000E+00	0.000000E+00	0.000000E+00	0.000000E+00	0.000000E+00	0.000000E+00	0.000000E+00	0.000000E+00	0.000000E+00	1.207099E-05	-1.463167E-04	-6.288345E-07	9.119621E-06	0.000000E+00	-0.000000E+00	-0.000000E+00	-0.000000E+00	-0.000000E+00	-0.000000E+00	-0.000000E+00	-0.000000E+00	-0.000000E+00	-0.000000E+00	0.000000E+00	0.000000E+00	-0.000000E+00	-0.000000E+00	
0.000000E+00	0.000000E+00	0.000000E+00	0.000000E+00	0.000000E+00	0.000000E+00	0.000000E+00	0.000000E+00	0.000000E+00	4.201353E-05	3.473797E-04	1.078397E-04	1.928558E-04	1.668081E-05	-0.000000E+00	-0.000000E+00	-0.000000E+00	-0.000000E+00	0.000000E+00	-0.000000E+00	0.000000E+00	0.000000E+00	-0.000000E+00	-0.000000E+00	0.000000E+00	-0.000000E+00	-0.000000E+00	-0.000000E+00	
-0.000000E+00	0.000000E+00	0.000000E+00	0.000000E+00	0.000000E+00	0.000000E+00	0.000000E+00	0.000000E+00	-1.162707E-05	1.326121E-04	-6.407655E-05	-1.171648E-04	-8.011216E-05	0.000000E+00	0.000000E+00	-0.000000E+00	-0.000000E+00	-2.553126E-05	-9.072713E-05	6.301020E-05	-0.000000E+00	-0.000000E+00	-0.000000E+00	0.000000E+00	0.000000E+00	0.000000E+00	-0.000000E+00	0.000000E+00	
-0.000000E+00	0.000000E+00	-0.000000E+00	0.000000E+00	0.000000E+00	0.000000E+00	0.000000E+00	0.000000E+00	-1.315894E-05	-7.467758E-05	-3.679208E-05	-3.521013E-05	-8.886872E-05	-0.000000E+00	0.000000E+00	1.994887E-05	-1.710409E-06	1.564367E-04	-1.790476E-04	-1.603339E-04	4.995074E-05	-1.000346E-05	-0.000000E+00	0.000000E+00	0.000000E+00	0.000000E+00	0.000000E+00	0.000000E+00	
0.000000E+00	0.000000E+00	-0.000000E+00	0.000000E+00	-0.000000E+00	-0.000000E+00	-0.000000E+00	-0.000000E+00	-4.287575E-05	-1.882379E-04	-8.566833E-05	-1.528733E-05	1.151597E-05	0.000000E+00	1.675999E-05	-5.653231E-05	1.243156E-04	-5.433330E-05	1.937224E-04	-5.229575E-05	-3.460558E-05	-2.152158E-04	2.769447E-05	0.000000E+00	0.000000E+00	0.000000E+00	0.000000E+00	0.000000E+00	
0.000000E+00	0.000000E+00	0.000000E+00	-0.000000E+00	-0.000000E+00	-0.000000E+00	-0.000000E+00	-1.813964E-05	-1.672974E-04	-3.584433E-05	-9.430917E-05	1.057073E-04	0.000000E+00	2.892388E-05	9.805707E-05	-1.046625E-04	1.285915E-04	-1.148873E-04	2.954307E-05	-8.879028E-05	-1.019988E-04	2.183672E-04	2.948347E-05	0.000000E+00	0.000000E+00	-0.000000E+00	0.000000E+00	-0.000000E+00	
0.000000E+00	-0.000000E+00	0.000000E+00	-0.000000E+00	-0.000000E+00	-0.000000E+00	-0.000000E+00	-4.643171E-05	-2.896469E-04	-8.527675E-05	-8.805961E-05	-0.000000E+00	2.851228E-05	1.237449E-04	3.241613E-04	-2.347715E-04	-1.329021E-04	2.892287E-06	-6.009250E-06	-4.438058E-05	1.141835E-04	1.435388E-06	-0.000000E+00	0.000000E+00	0.000000E+00	0.000000E+00	-0.000000E+00	-0.000000E+00	
-0.000000E+00	0.000000E+00	0.000000E+00	0.000000E+00	-0.000000E+00	-0.000000E+00	-0.000000E+00	-5.686768E-05	-5.483863E-06	-4.333189E-05	-0.000000E+00	0.000000E+00	5.514997E-05	1.306019E-04	2.737092E-04	2.313519E-05	0.000000E+00	-1.757821E-06	1.763181E-04	2.134260E-04	-9.090452E-05	0.000000E+00	0.000000E+00	0.000000E+00	0.000000E+00	0.000000E+00	-0.000000E+00	0.000000E+00	
0.000000E+00	0.000000E+00	0.000000E+00	0.000000E+00	0.000000E+00	-0.000000E+00	-0.000000E+00	-1.932185E-05	4.805624E-05	5.455042E-05	0.000000E+00	-2.515448E-06	-9.872531E-05	-1.524487E-04	4.269189E-05	-0.000000E+00	7.828082E-06	7.592339E-06	1.285664E-04	9.243184E-05	0.000000E+00	0.000000E+00	-0.000000E+00	-0.000000E+00	0.000000E+00	0.000000E+00	-0.000000E+00	-0.000000E+00	
0.000000E+00	-0.000000E+00	0.000000E+00	0.000000E+00	0.000000E+00	0.000000E+00	-0.000000E+00	1.668757E-04	1.605216E-04	5.519245E-05	0.000000E+00	-4.698037E-06	-2.303759E-05	-1.632006E-04	-1.844975E-04	2.156488E-04	-1.742517E-04	1.009605E-04	1.409635E-05	-2.906343E-06	0.000000E+00	-0.000000E+00	0.000000E+00	0.000000E+00	0.000000E+00	0.000000E+00	-0.000000E+00	0.000000E+00	
0.000000E+00	-0.000000E+00	0.000000E+00	0.000000E+00	0.000000E+00	0.000000E+00	0.000000E+00	-1.197780E-05	2.687440E-05	1.059967E-04	8.796757E-05	-2.478622E-06	-7.555354E-08	2.007520E-05	1.004467E-04	2.881273E-04	2.706109E-05	4.283770E-05	0.000000E+00	-0.000000E+00	0.000000E+00	-0.000000E+00	0.000000E+00	0.000000E+00	0.000000E+00	0.000000E+00	0.000000E+00	0.000000E+00	
0.000000E+00	-0.000000E+00	-0.000000E+00	0.000000E+00	0.000000E+00	-0.000000E+00	0.000000E+00	5.257875E-05	3.442855E-04	2.116557E-04	3.185259E-04	9.224363E-05	2.881406E-04	-1.206507E-04	-7.461240E-05	9.346510E-05	5.224589E-06	0.000000E+00	0.000000E+00	-0.000000E+00	-0.000000E+00	-0.000000E+00	0.000000E+00	0.000000E+00	-0.000000E+00	-0.000000E+00	0.000000E+00	-0.000000E+00	
-0.000000E+00	0.000000E+00	-0.000000E+00	-0.000000E+00	0.000000E+00	-0.000000E+00	0.000000E+00	0.000000E+00	8.209514E-06	7.233888E-05	3.556910E-05	2.642373E-04	3.546678E-04	1.970033E-04	1.072750E-04	3.814422E-05	-0.000000E+00	0.000000E+00	-0.000000E+00	0.000000E+00	0.000000E+00	0.000000E+00	0.000000E+00	0.000000E+00	-0.000000E+00	0.000000E+00	0.000000E+00	0.000000E+00	
-0.000000E+00	-0.000000E+00	-0.000000E+00	-0.000000E+00	0.000000E+00	0.000000E+00	0.000000E+00	0.000000E+00	-0.000000E+00	0.000000E+00	0.000000E+00	0.000000E+00	-0.000000E+00	0.000000E+00	-0.000000E+00	0.000000E+00	0.000000E+00	-0.000000E+00	-0.000000E+00	0.000000E+00	0.000000E+00	-0.000000E+00	0.000000E+00	-0.000000E+00	-0.000000E+00	-0.000000E+00	0.000000E+00	0.000000E+00	
0.000000E+00	-0.000000E+00	0.000000E+00	0.000000E+00	0.000000E+00	0.000000E+00	-0.000000E+00	-0.000000E+00	-0.000000E+00	0.000000E+00	-0.000000E+00	-0.000000E+00	0.000000E+00	0.000000E+00	0.000000E+00	0.000000E+00	-0.000000E+00	-0.000000E+00	0.000000E+00	-0.000000E+00	0.000000E+00	0.000000E+00	0.000000E+00	0.000000E+00	-0.000000E+00	-0.000000E+00	0.000000E+00	-0.000000E+00	
-0.000000E+00	-0.000000E+00	0.000000E+00	0.000000E+00	0.000000E+00	-0.000000E+00	-0.000000E+00	-0.000000E+00	-0.000000E+00	-0.000000E+00	-0.000000E+00	-0.000000E+00	0.000000E+00	-0.000000E+00	0.000000E+00	0.000000E+00	-0.000000E+00	-0.000000E+00	0.000000E+00	-0.000000E+00	-0.000000E+00	-0.000000E+00	-0.000000E+00	0.000000E+00	0.000000E+00	0.000000E+00	-0.000000E+00	0.000000E+00	
-0.000000E+00	0.000000E+00	0.000000E+00	-0.000000E+00	-0.000000E+00	-0.000000E+00	-0.000000E+00	-0.000000E+00	-0.000000E+00	-0.000000E+00	-0.000000E+00	-0.000000E+00	-0.000000E+00	-0.000000E+00	-0.000000E+00	-0.000000E+00	0.000000E+00	0.000000E+00	0.000000E+00	0.000000E+00	-0.000000E+00	-0.000000E+00	-0.000000E+00	0.000000E+00	0.000000E+00	0.000000E+00	-0.000000E+00	0.000000E+00	
0.000000E+00	0.000000E+00	-0.000000E+00	0.000000E+00	-0.000000E+00	-0.000000E+00	-0.000000E+00	-0.000000E+00	-0.000000E+00	-0.000000E+00	-0.000000E+00	0.000000E+00	-0.000000E+00	0.000000E+00	-0.000000E+00	-0.000000E+00	-0.000000E+00	-0.000000E+00	0.000000E+00	0.000000E+00	-0.000000E+00	0.000000E+00	-0.000000E+00	-0.000000E+00	-0.000000E+00	-0.000000E+00	-0.000000E+00	0.000000E+00	
-0.000000E+00	0.000000E+00	0.000000E+00	0.000000E+00	-0.000000E+00	0.000000E+00	0.000000E+00	0.000000E+00	0.000000E+00	0.000000E+00	0.000000E+00	0.000000E+00	0.000000E+00	-0.000000E+00	-0.000000E+00	-0.000000E+00	-0.000000E+00	-0.000000E+00	-0.000000E+00	-0.000000E+00	0.000000E+00	0.000000E+00	-0.000000E+00	0.000000E+00	-0.000000E+00	0.000000E+00	-0.000000E+00	-0.000000E+00	
