-0.000000E+00	0.000000E+00	-0.000000E+00	-0.000000E+00	0.000000E+00	-0.000000E+00	0.000000E+00	0.000000E+00	-0.000000E+00	0.000000E+00	-0.000000E+00	-0.000000E+00	0.000000E+00	0.000000E+00	0.000000E+00	0.000000E+00	-0.000000E+00	-0.000000E+00	0.000000E+00	-0.000000E+00	-0.000000E+00	0.000000E+00	0.000000E+00	0.000000E+00	0.000000E+00	0.000000E+00	-0.000000E+00	-0.000000E+00	
-0.000000E+00	-0.000000E+00	0.000000E+00	0.000000E+00	0.000000E+00	-0.000000E+00	0.000000E+00	0.000000E+00	0.000000E+00	0.000000E+00	0.000000E+00	0.000000E+00	0.000000E+00	0.000000E+00	0.000000E+00	0.000000E+00	0.000000E+00	0.000000E+00	0.000000E+00	0.000000E+00	-0.000000E+00	0.000000E+00	0.000000E+00	0.000000E+00	-0.000000E+00	0.000000E+00	-0.000000E+00	0.000000E+00	
0.000000E+00	0.000000E+00	0.000000E+00	0.000000E+00	0.000000E+00	-0.000000E+00	0.000000E+00	0.000000E+00	0.000000E+00	0.000000E+00	0.000000E+00	0.000000E+00	0.000000E+00	0.000000E+00	0.000000E+00	0.000000E+00	0.000000E+00	0.000000E+00	0.000000E+00	0.000000E+00	0.000000E+00	0.000000E+00	0.000000E+00	0.000000E+00	-0.000000E+00	-0.000000E+00	0.000000E+00	-0.000000E+00	
0.000000E+00	-0.000000E+00	0.000000E+00	0.000000E+00	0.000000E+00	0.000000E+00	0.000000E+00	0.000000E+00	0.000000E+00	0.000000E+00	0.000000E+00	0.000000E+00	0.000000E+00	0.000000E+00	0.000000E+00	0.000000E+00	0.000000E+00	0.000000E+00	0.000000E+00	0.000000E+00	0.000000E+00	0.000000E+00	0.000000E+00	0.000000E+00	0.000000E+00	-0.000000E+00	-0.000000E+00	0.000000E+00	
0.000000E+00	0.000000E+00	-0.000000E+00	-0.000000E+00	-0.000000E+00	0.000000E+00	0.000000E+00	0.000000E+00	0.000000E+00	0.000000E+00	0.000000E+00	0.000000E+00	0.000000E+00	0.000000E+00	0.000000E+00	-0.000000E+00	-0.000000E+00	0.000000E+00	-0.000000E+00	0.000000E+00	0.000000E+00	0.000000E+00	0.000000E+00	0.000000E+00	-0.000000E+00	-0.000000E+00	-0.000000E+00	0.000000E+00	
0.000000E+00	0.000000E+00	-0.000000E+00	-0.000000E+00	0.000000E+00	-0.000000E+00	-0.000000E+00	0.000000E+00	0.000000E+00	-0.000000E+00	0.000000E+00	-0.000000E+00	-0.000000E+00	-0.000000E+00	-0.000000E+00	-0.000000E+00	0.000000E+00	0.000000E+00	-0.000000E+00	-0.000000E+00	-3.548671E-05	1.218910E-05	6.822387E-05	-0.000000E+00	-0.000000E+00	-0.000000E+00	0.000000E+00	0.000000E+00	
0.000000E+00	0.000000E+00	0.000000E+00	-0.000000E+00	8.725520E-05	5.670114E-05	-0.000000E+00	0.000000E+00	-0.000000E+00	0.000000E+00	-0.000000E+00	-0.000000E+00	-0.000000E+00	-0.000000E+00	-0.000000E+00	-0.000000E+00	-0.000000E+00	-0.000000E+00	-0.000000E+00	-0.000000E+00	-3.446414E-04	-9.075999E-04	1.393566E-04	0.000000E+00	0.000000E+00	-0.000000E+00	-0.000000E+00	0.000000E+00	
-0.000000E+00	-0.000000E+00	0.000000E+00	-0.000000E+00	3.745460E-04	1.030361E-04	-0.000000E+00	0.000000E+00	0.000000E+00	0.000000E+00	-0.000000E+00	-0.000000E+00	-0.000000E+00	-0.000000E+00	-0.000000E+00	-0.000000E+00	-0.000000E+00	-0.000000E+00	-0.000000E+00	-6.842393E-07	-7.487563E-04	-8.715217E-04	2.281846E-04	-0.000000E+00	0.000000E+00	-0.000000E+00	0.000000E+00	0.000000E+00	
0.000000E+00	0.000000E+00	0.000000E+00	-0.000000E+00	-6.576980E-04	2.541701E-04	-0.000000E+00	0.000000E+00	-0.000000E+00	0.000000E+00	-0.000000E+00	-0.000000E+00	-0.000000E+00	-0.000000E+00	-0.000000E+00	-0.000000E+00	-0.000000E+00	0.000000E+00	-0.000000E+00	-1.262447E-04	-5.263697E-04	-4.083944E-04	-0.000000E+00	-0.000000E+00	-0.000000E+00	-0.000000E+00	-0.000000E+00	-0.000000E+00	
-0.000000E+00	-0.000000E+00	0.000000E+00	-0.000000E+00	-3.358393E-04	5.139853E-04	-0.000000E+00	0.000000E+00	-0.000000E+00	-0.000000E+00	-0.000000E+00	-0.000000E+00	-0.000000E+00	-0.000000E+00	-0.000000E+00	-0.000000E+00	-0.000000E+00	-0.000000E+00	-0.000000E+00	-5.155205E-04	3.849842E-05	-1.331744E-04	0.000000E+00	-0.000000E+00	-0.000000E+00	-0.000000E+00	-0.000000E+00	-0.000000E+00	
-0.000000E+00	0.000000E+00	0.000000E+00	-1.160399E-04	7.578897E-04	3.270644E-04	-0.000000E+00	0.000000E+00	0.000000E+00	-0.000000E+00	0.000000E+00	-0.000000E+00	-0.000000E+00	-0.000000E+00	-0.000000E+00	-0.000000E+00	-0.000000E+00	-0.000000E+00	0.000000E+00	-4.905259E-04	-1.238016E-03	-8.898174E-05	-0.000000E+00	-0.000000E+00	-0.000000E+00	-0.000000E+00	-0.000000E+00	-0.000000E+00	
-0.000000E+00	-0.000000E+00	-0.000000E+00	-2.743871E-04	-8.157858E-04	-3.678902E-05	0.000000E+00	0.000000E+00	-0.000000E+00	0.000000E+00	-0.000000E+00	-0.000000E+00	-0.000000E+00	-0.000000E+00	-0.000000E+00	-0.000000E+00	-0.000000E+00	-0.000000E+00	-9.659011E-05	2.427755E-05	-1.986420E-03	-1.040234E-04	-0.000000E+00	-0.000000E+00	-0.000000E+00	-0.000000E+00	-0.000000E+00	-0.000000E+00	
-0.000000E+00	0.000000E+00	-0.000000E+00	-1.424987E-04	-1.479468E-03	-2.264533E-04	-0.000000E+00	-0.000000E+00	-0.000000E+00	-0.000000E+00	0.000000E+00	0.000000E+00	0.000000E+00	0.000000E+00	-0.000000E+00	-0.000000E+00	-0.000000E+00	-0.000000E+00	-5.050254E-04	-6.629544E-04	5.881264E-04	-6.909395E-07	0.000000E+00	-0.000000E+00	0.000000E+00	0.000000E+00	-0.000000E+00	-0.000000E+00	
0.000000E+00	0.000000E+00	-0.000000E+00	-5.651255E-04	-1.589571E-03	-3.628661E-04	0.000000E+00	0.000000E+00	0.000000E+00	0.000000E+00	0.000000E+00	0.000000E+00	0.000000E+00	0.000000E+00	-0.000000E+00	3.067152E-05	-4.828044E-05	2.964976E-04	3.587452E-04	-1.066614E-03	-1.891187E-04	0.000000E+00	0.000000E+00	0.000000E+00	0.000000E+00	0.000000E+00	-0.000000E+00	0.000000E+00	
0.000000E+00	0.000000E+00	0.000000E+00	-1.663024E-04	-1.334623E-03	-3.582097E-05	-0.000000E+00	0.000000E+00	0.000000E+00	1.975447E-04	3.944572E-05	9.449366E-04	9.606312E-04	8.782001E-04	-1.815626E-04	-2.767858E-04	7.294713E-04	1.925194E-04	1.067845E-03	2.861349E-04	-6.715940E-05	-0.000000E+00	0.000000E+00	0.000000E+00	0.000000E+00	0.000000E+00	-0.000000E+00	0.000000E+00	
0.000000E+00	0.000000E+00	0.000000E+00	9.271560E-04	3.896144E-04	2.454817E-04	-3.784149E-04	3.284508E-04	-3.012182E-04	6.360790E-04	9.004020E-04	4.090374E-04	9.643332E-04	1.089165E-03	1.152453E-03	-7.683578E-05	6.521727E-05	2.494582E-05	-2.582231E-04	6.285410E-04	0.000000E+00	0.000000E+00	0.000000E+00	0.000000E+00	0.000000E+00	0.000000E+00	-0.000000E+00	0.000000E+00	
-0.000000E+00	0.000000E+00	0.000000E+00	0.000000E+00	-1.467132E-04	7.695132E-04	9.418312E-04	8.227623E-04	3.377457E-04	5.614266E-04	-1.198197E-04	4.081073E-04	0.000000E+00	0.000000E+00	0.000000E+00	0.000000E+00	0.000000E+00	5.631092E-05	4.577178E-04	3.664379E-04	0.000000E+00	0.000000E+00	0.000000E+00	0.000000E+00	0.000000E+00	0.000000E+00	-0.000000E+00	0.000000E+00	
0.000000E+00	-0.000000E+00	0.000000E+00	0.000000E+00	0.000000E+00	0.000000E+00	-0.000000E+00	-0.000000E+00	0.000000E+00	-0.000000E+00	0.000000E+00	0.000000E+00	-0.000000E+00	0.000000E+00	0.000000E+00	-0.000000E+00	0.000000E+00	3.590641E-04	2.171334E-03	9.123518E-04	0.000000E+00	0.000000E+00	0.000000E+00	0.000000E+00	0.000000E+00	0.000000E+00	-0.000000E+00	0.000000E+00	
0.000000E+00	-0.000000E+00	0.000000E+00	0.000000E+00	0.000000E+00	0.000000E+00	-0.000000E+00	0.000000E+00	0.000000E+00	0.000000E+00	-0.000000E+00	-0.000000E+00	0.000000E+00	0.000000E+00	0.000000E+00	0.000000E+00	0.000000E+00	1.424338E-04	-1.954078E-04	5.542103E-05	0.000000E+00	0.000000E+00	0.000000E+00	0.000000E+00	0.000000E+00	0.000000E+00	0.000000E+00	0.000000E+00	
-0.000000E+00	0.000000E+00	0.000000E+00	0.000000E+00	0.000000E+00	0.000000E+00	-0.000000E+00	0.000000E+00	-0.000000E+00	0.000000E+00	0.000000E+00	0.000000E+00	0.000000E+00	0.000000E+00	0.000000E+00	0.000000E+00	0.000000E+00	6.946514E-04	4.148098E-04	-1.726118E-04	0.000000E+00	0.000000E+00	0.000000E+00	0.000000E+00	0.000000E+00	0.000000E+00	0.000000E+00	0.000000E+00	
0.000000E+00	0.000000E+00	0.000000E+00	0.000000E+00	0.000000E+00	-0.000000E+00	-0.000000E+00	-0.000000E+00	-0.000000E+00	0.000000E+00	0.000000E+00	0.000000E+00	0.000000E+00	-0.000000E+00	0.000000E+00	0.000000E+00	0.000000E+00	9.211840E-05	1.093759E-03	-2.710258E-04	0.000000E+00	-0.000000E+00	-0.000000E+00	0.000000E+00	-0.000000E+00	-0.000000E+00	0.000000E+00	-0.000000E+00	
0.000000E+00	0.000000E+00	-0.000000E+00	-0.000000E+00	-0.000000E+00	-0.000000E+00	-0.000000E+00	-0.000000E+00	-0.000000E+00	0.000000E+00	0.000000E+00	0.000000E+00	0.000000E+00	0.000000E+00	0.000000E+00	0.000000E+00	-0.000000E+00	1.229530E-03	1.288467E-04	6.713432E-04	-0.000000E+00	-0.000000E+00	0.000000E+00	0.000000E+00	-0.000000E+00	0.000000E+00	0.000000E+00	-0.000000E+00	
0.000000E+00	-0.000000E+00	0.000000E+00	0.000000E+00	0.000000E+00	-0.000000E+00	0.000000E+00	-0.000000E+00	0.000000E+00	-0.000000E+00	0.000000E+00	-0.000000E+00	-0.000000E+00	0.000000E+00	-0.000000E+00	0.000000E+00	0.000000E+00	-2.998390E-04	-8.671195E-04	8.638469E-04	0.000000E+00	0.000000E+00	-0.000000E+00	0.000000E+00	-0.000000E+00	-0.000000E+00	0.000000E+00	0.000000E+00	
0.000000E+00	-0.000000E+00	-0.000000E+00	-0.000000E+00	0.000000E+00	0.000000E+00	-0.000000E+00	-0.000000E+00	-0.000000E+00	0.000000E+00	-0.000000E+00	-0.000000E+00	-0.000000E+00	-0.000000E+00	0.000000E+00	0.000000E+00	-0.000000E+00	-1.027886E-03	5.568145E-04	4.497199E-04	0.000000E+00	0.000000E+00	-0.000000E+00	-0.000000E+00	-0.000000E+00	-0.000000E+00	-0.000000E+00	0.000000E+00	
0.000000E+00	-0.000000E+00	0.000000E+00	-0.000000E+00	-0.000000E+00	-0.000000E+00	-0.000000E+00	-0.000000E+00	-0.000000E+00	-0.000000E+00	-0.000000E+00	-0.000000E+00	-0.000000E+00	-0.000000E+00	0.000000E+00	-0.000000E+00	0.000000E+00	-3.440710E-04	1.877069E-04	-7.871027E-04	-0.000000E+00	-0.000000E+00	0.000000E+00	-0.000000E+00	0.000000E+00	0.000000E+00	0.000000E+00	0.000000E+00	
-0.000000E+00	-0.000000E+00	-0.000000E+00	0.000000E+00	-0.000000E+00	-0.000000E+00	-0.000000E+00	-0.000000E+00	-0.000000E+00	-0.000000E+00	-0.000000E+00	-0.000000E+00	-0.000000E+00	-0.000000E+00	-0.000000E+00	0.000000E+00	-0.000000E+00	-0.000000E+00	-0.000000E+00	-0.000000E+00	-0.000000E+00	-0.000000E+00	-0.000000E+00	-0.000000E+00	-0.000000E+00	0.000000E+00	0.000000E+00	-0.000000E+00	
0.000000E+00	0.000000E+00	-0.000000E+00	-0.000000E+00	-0.000000E+00	-0.000000E+00	-0.000000E+00	-0.000000E+00	-0.000000E+00	-0.000000E+00	-0.000000E+00	-0.000000E+00	-0.000000E+00	-0.000000E+00	-0.000000E+00	-0.000000E+00	-0.000000E+00	-0.000000E+00	-0.000000E+00	-0.000000E+00	-0.000000E+00	-0.000000E+00	-0.000000E+00	-0.000000E+00	0.000000E+00	-0.000000E+00	0.000000E+00	0.000000E+00	
0.000000E+00	0.000000E+00	0.000000E+00	0.000000E+00	0.000000E+00	-0.000000E+00	-0.000000E+00	-0.000000E+00	-0.000000E+00	-0.000000E+00	-0.000000E+00	-0.000000E+00	-0.000000E+00	0.000000E+00	-0.000000E+00	-0.000000E+00	-0.000000E+00	-0.000000E+00	-0.000000E+00	-0.000000E+00	-0.000000E+00	0.000000E+00	-0.000000E+00	0.000000E+00	0.000000E+00	0.000000E+00	0.000000E+00	-0.000000E+00	
