0.000000E+00	0.000000E+00	0.000000E+00	-0.000000E+00	0.000000E+00	-0.000000E+00	0.000000E+00	0.000000E+00	0.000000E+00	0.000000E+00	-0.000000E+00	0.000000E+00	0.000000E+00	0.000000E+00	-0.000000E+00	-0.000000E+00	-0.000000E+00	-0.000000E+00	-0.000000E+00	-0.000000E+00	-0.000000E+00	0.000000E+00	0.000000E+00	-0.000000E+00	0.000000E+00	0.000000E+00	0.000000E+00	0.000000E+00	
-0.000000E+00	-0.000000E+00	-0.000000E+00	-0.000000E+00	0.000000E+00	-0.000000E+00	-0.000000E+00	0.000000E+00	-0.000000E+00	0.000000E+00	-0.000000E+00	0.000000E+00	-0.000000E+00	0.000000E+00	0.000000E+00	0.000000E+00	0.000000E+00	-0.000000E+00	-0.000000E+00	0.000000E+00	-0.000000E+00	-0.000000E+00	0.000000E+00	0.000000E+00	0.000000E+00	0.000000E+00	-0.000000E+00	-0.000000E+00	
-0.000000E+00	-0.000000E+00	-0.000000E+00	-0.000000E+00	0.000000E+00	0.000000E+00	-0.000000E+00	-0.000000E+00	-0.000000E+00	-0.000000E+00	-0.000000E+00	-0.000000E+00	-0.000000E+00	-0.000000E+00	-0.000000E+00	-0.000000E+00	-0.000000E+00	-0.000000E+00	-0.000000E+00	-0.000000E+00	-0.000000E+00	-0.000000E+00	-0.000000E+00	-0.000000E+00	0.000000E+00	0.000000E+00	-0.000000E+00	0.000000E+00	
-0.000000E+00	-0.000000E+00	-0.000000E+00	-0.000000E+00	-0.000000E+00	-0.000000E+00	-0.000000E+00	-0.000000E+00	0.000000E+00	0.000000E+00	-0.000000E+00	0.000000E+00	0.000000E+00	-0.000000E+00	-0.000000E+00	-0.000000E+00	0.000000E+00	-0.000000E+00	0.000000E+00	-0.000000E+00	-0.000000E+00	-0.000000E+00	-0.000000E+00	-0.000000E+00	0.000000E+00	-0.000000E+00	0.000000E+00	-0.000000E+00	
0.000000E+00	-0.000000E+00	-0.000000E+00	0.000000E+00	-0.000000E+00	-0.000000E+00	-0.000000E+00	-0.000000E+00	-0.000000E+00	0.000000E+00	0.000000E+00	0.000000E+00	-0.000000E+00	-0.000000E+00	-0.000000E+00	-0.000000E+00	-0.000000E+00	0.000000E+00	-0.000000E+00	0.000000E+00	-0.000000E+00	0.000000E+00	0.000000E+00	-0.000000E+00	-0.000000E+00	-0.000000E+00	-0.000000E+00	0.000000E+00	
0.000000E+00	-0.000000E+00	0.000000E+00	0.000000E+00	-0.000000E+00	-0.000000E+00	-0.000000E+00	-0.000000E+00	0.000000E+00	-0.000000E+00	0.000000E+00	-0.000000E+00	-0.000000E+00	-0.000000E+00	0.000000E+00	-0.000000E+00	-0.000000E+00	0.000000E+00	-0.000000E+00	0.000000E+00	-0.000000E+00	-0.000000E+00	0.000000E+00	0.000000E+00	0.000000E+00	0.000000E+00	-0.000000E+00	-0.000000E+00	
-0.000000E+00	-0.000000E+00	-0.000000E+00	0.000000E+00	0.000000E+00	-0.000000E+00	-0.000000E+00	-0.000000E+00	0.000000E+00	-0.000000E+00	0.000000E+00	-0.000000E+00	-0.000000E+00	-0.000000E+00	-0.000000E+00	-0.000000E+00	0.000000E+00	-0.000000E+00	-0.000000E+00	-0.000000E+00	-0.000000E+00	0.000000E+00	-0.000000E+00	-0.000000E+00	-0.000000E+00	-0.000000E+00	-0.000000E+00	0.000000E+00	
0.000000E+00	0.000000E+00	0.000000E+00	0.000000E+00	0.000000E+00	-0.000000E+00	0.000000E+00	0.000000E+00	0.000000E+00	0.000000E+00	0.000000E+00	0.000000E+00	0.000000E+00	0.000000E+00	0.000000E+00	-1.144043E-04	-7.216330E-06	1.187814E-04	1.483756E-05	7.126571E-05	1.460822E-04	-0.000000E+00	-0.000000E+00	-0.000000E+00	-0.000000E+00	-0.000000E+00	-0.000000E+00	-0.000000E+00	
-0.000000E+00	0.000000E+00	0.000000E+00	0.000000E+00	0.000000E+00	0.000000E+00	-0.000000E+00	0.000000E+00	0.000000E+00	0.000000E+00	0.000000E+00	0.000000E+00	3.272270E-05	2.397697E-05	1.279717E-04	4.433306E-05	1.786774E-04	1.168381E-04	1.405271E-04	-2.471399E-05	1.144989E-04	-8.705293E-06	0.000000E+00	0.000000E+00	-0.000000E+00	-0.000000E+00	-0.000000E+00	-0.000000E+00	
-0.000000E+00	0.000000E+00	0.000000E+00	0.000000E+00	0.000000E+00	0.000000E+00	0.000000E+00	0.000000E+00	2.369953E-06	1.177246E-04	3.861033E-05	1.859091E-05	2.667995E-04	1.328635E-04	2.828870E-04	1.134472E-04	7.800677E-05	2.507255E-04	2.800630E-04	1.399927E-04	1.268920E-04	-9.868889E-06	0.000000E+00	0.000000E+00	-0.000000E+00	-0.000000E+00	-0.000000E+00	0.000000E+00	
-0.000000E+00	0.000000E+00	0.000000E+00	0.000000E+00	-0.000000E+00	0.000000E+00	0.000000E+00	3.657660E-05	1.425749E-04	8.893410E-05	1.068593E-04	1.294528E-04	-1.697627E-04	4.633156E-04	-1.078311E-05	1.219708E-05	3.615656E-05	2.244680E-05	9.350547E-05	1.656405E-04	1.163874E-04	9.088996E-05	0.000000E+00	-0.000000E+00	0.000000E+00	0.000000E+00	-0.000000E+00	0.000000E+00	
0.000000E+00	0.000000E+00	0.000000E+00	0.000000E+00	-0.000000E+00	-0.000000E+00	-0.000000E+00	1.228608E-05	3.201788E-05	1.134289E-04	6.933376E-05	3.400824E-04	-8.236890E-05	3.237198E-05	-0.000000E+00	-0.000000E+00	-0.000000E+00	3.186056E-06	2.766383E-04	-1.159771E-04	1.135740E-04	3.832696E-06	0.000000E+00	-0.000000E+00	-0.000000E+00	-0.000000E+00	-0.000000E+00	0.000000E+00	
-0.000000E+00	0.000000E+00	0.000000E+00	-0.000000E+00	-0.000000E+00	0.000000E+00	4.260844E-05	-2.213768E-05	7.303186E-05	-1.436986E-04	7.679690E-05	-5.942137E-05	-0.000000E+00	-0.000000E+00	-0.000000E+00	-0.000000E+00	-0.000000E+00	2.867877E-05	8.221358E-05	1.783231E-04	1.060195E-04	-0.000000E+00	0.000000E+00	-0.000000E+00	-0.000000E+00	-0.000000E+00	0.000000E+00	0.000000E+00	
0.000000E+00	0.000000E+00	0.000000E+00	-0.000000E+00	-0.000000E+00	-0.000000E+00	-1.275773E-04	-1.689159E-06	-1.004298E-04	1.076007E-04	-1.856825E-05	0.000000E+00	-0.000000E+00	-0.000000E+00	0.000000E+00	-2.539233E-05	-2.367905E-05	-4.347364E-05	-6.045580E-05	-2.050697E-04	-1.975553E-05	0.000000E+00	0.000000E+00	-0.000000E+00	0.000000E+00	-0.000000E+00	0.000000E+00	0.000000E+00	
0.000000E+00	0.000000E+00	0.000000E+00	-0.000000E+00	-0.000000E+00	-0.000000E+00	-1.159771E-05	-5.375623E-07	-4.587970E-05	-3.030006E-05	-0.000000E+00	-0.000000E+00	-0.000000E+00	-0.000000E+00	-0.000000E+00	-5.389567E-05	-1.529671E-04	5.828896E-05	-1.356972E-04	-6.975079E-06	0.000000E+00	-0.000000E+00	-0.000000E+00	0.000000E+00	0.000000E+00	-0.000000E+00	0.000000E+00	0.000000E+00	
0.000000E+00	0.000000E+00	0.000000E+00	-0.000000E+00	-0.000000E+00	-0.000000E+00	-0.000000E+00	-0.000000E+00	-0.000000E+00	-0.000000E+00	-0.000000E+00	-0.000000E+00	-0.000000E+00	0.000000E+00	-4.110688E-05	1.661581E-04	-1.104158E-04	1.136160E-04	7.828626E-05	-0.000000E+00	0.000000E+00	0.000000E+00	0.000000E+00	0.000000E+00	0.000000E+00	0.000000E+00	0.000000E+00	0.000000E+00	
0.000000E+00	-0.000000E+00	-0.000000E+00	-0.000000E+00	-0.000000E+00	-0.000000E+00	-0.000000E+00	-0.000000E+00	0.000000E+00	-0.000000E+00	-0.000000E+00	0.000000E+00	-0.000000E+00	-0.000000E+00	1.539177E-04	-3.699078E-05	1.078567E-04	-4.593362E-05	-0.000000E+00	0.000000E+00	0.000000E+00	0.000000E+00	0.000000E+00	-0.000000E+00	-0.000000E+00	0.000000E+00	0.000000E+00	0.000000E+00	
-0.000000E+00	0.000000E+00	-0.000000E+00	-0.000000E+00	0.000000E+00	-0.000000E+00	-0.000000E+00	-0.000000E+00	-0.000000E+00	0.000000E+00	-0.000000E+00	-0.000000E+00	-0.000000E+00	-6.464831E-06	-5.533851E-05	1.308331E-04	-1.664076E-04	2.659774E-05	0.000000E+00	0.000000E+00	0.000000E+00	0.000000E+00	0.000000E+00	-0.000000E+00	-0.000000E+00	0.000000E+00	0.000000E+00	0.000000E+00	
0.000000E+00	-0.000000E+00	-0.000000E+00	-0.000000E+00	0.000000E+00	-0.000000E+00	-0.000000E+00	0.000000E+00	-0.000000E+00	-0.000000E+00	-0.000000E+00	-0.000000E+00	-6.462449E-06	-1.400047E-04	4.079110E-05	-8.387089E-06	-1.529181E-05	2.280484E-06	-0.000000E+00	-0.000000E+00	-0.000000E+00	0.000000E+00	0.000000E+00	0.000000E+00	0.000000E+00	0.000000E+00	0.000000E+00	0.000000E+00	
0.000000E+00	0.000000E+00	-0.000000E+00	-0.000000E+00	0.000000E+00	-0.000000E+00	-0.000000E+00	0.000000E+00	0.000000E+00	0.000000E+00	0.000000E+00	1.270182E-07	8.879753E-06	2.691519E-05	1.971192E-05	-1.100414E-04	-8.798411E-06	-0.000000E+00	-0.000000E+00	-0.000000E+00	0.000000E+00	0.000000E+00	0.000000E+00	-0.000000E+00	-0.000000E+00	-0.000000E+00	0.000000E+00	0.000000E+00	
-0.000000E+00	0.000000E+00	0.000000E+00	0.000000E+00	0.000000E+00	0.000000E+00	0.000000E+00	0.000000E+00	-0.000000E+00	0.000000E+00	-2.547788E-06	9.870744E-05	1.237004E-04	8.938689E-05	-1.294774E-05	6.422020E-07	-0.000000E+00	-0.000000E+00	-0.000000E+00	-0.000000E+00	0.000000E+00	-0.000000E+00	-0.000000E+00	0.000000E+00	-0.000000E+00	-0.000000E+00	0.000000E+00	-0.000000E+00	
0.000000E+00	0.000000E+00	0.000000E+00	-0.000000E+00	-0.000000E+00	0.000000E+00	-0.000000E+00	-0.000000E+00	-0.000000E+00	-0.000000E+00	7.826099E-06	-7.501415E-05	9.590008E-05	2.970357E-05	0.000000E+00	-0.000000E+00	0.000000E+00	-0.000000E+00	-0.000000E+00	0.000000E+00	-0.000000E+00	-0.000000E+00	-0.000000E+00	0.000000E+00	-0.000000E+00	-0.000000E+00	0.000000E+00	-0.000000E+00	
0.000000E+00	-0.000000E+00	0.000000E+00	0.000000E+00	-0.000000E+00	-0.000000E+00	0.000000E+00	0.000000E+00	0.000000E+00	2.717812E-05	-1.882903E-05	-1.464742E-04	-4.641722E-05	4.042209E-07	0.000000E+00	-0.000000E+00	-0.000000E+00	0.000000E+00	-0.000000E+00	0.000000E+00	0.000000E+00	-0.000000E+00	0.000000E+00	0.000000E+00	0.000000E+00	0.000000E+00	0.000000E+00	0.000000E+00	
0.000000E+00	-0.000000E+00	-0.000000E+00	-0.000000E+00	-0.000000E+00	-0.000000E+00	0.000000E+00	0.000000E+00	-0.000000E+00	1.096829E-05	5.577753E-05	3.006248E-04	1.790711E-05	-0.000000E+00	-0.000000E+00	-0.000000E+00	-0.000000E+00	0.000000E+00	-0.000000E+00	0.000000E+00	-0.000000E+00	0.000000E+00	-0.000000E+00	-0.000000E+00	0.000000E+00	0.000000E+00	-0.000000E+00	0.000000E+00	
0.000000E+00	0.000000E+00	-0.000000E+00	-0.000000E+00	0.000000E+00	0.000000E+00	0.000000E+00	-0.000000E+00	-2.857561E-05	-8.372395E-05	-1.946387E-04	-1.739252E-04	-2.500820E-05	-0.000000E+00	-0.000000E+00	0.000000E+00	-0.000000E+00	-0.000000E+00	-0.000000E+00	-0.000000E+00	-0.000000E+00	0.000000E+00	-0.000000E+00	-0.000000E+00	0.000000E+00	0.000000E+00	0.000000E+00	-0.000000E+00	
-0.000000E+00	0.000000E+00	0.000000E+00	0.000000E+00	0.000000E+00	0.000000E+00	0.000000E+00	0.000000E+00	6.016817E-05	1.731506E-04	-2.554957E-04	2.987518E-05	0.000000E+00	-0.000000E+00	-0.000000E+00	0.000000E+00	-0.000000E+00	-0.000000E+00	0.000000E+00	-0.000000E+00	-0.000000E+00	-0.000000E+00	-0.000000E+00	-0.000000E+00	-0.000000E+00	0.000000E+00	0.000000E+00	-0.000000E+00	
0.000000E+00	0.000000E+00	0.000000E+00	-0.000000E+00	-0.000000E+00	-0.000000E+00	-0.000000E+00	0.000000E+00	5.080530E-05	1.615245E-04	3.185986E-05	-0.000000E+00	-0.000000E+00	0.000000E+00	0.000000E+00	0.000000E+00	0.000000E+00	-0.000000E+00	0.000000E+00	0.000000E+00	-0.000000E+00	-0.000000E+00	0.000000E+00	0.000000E+00	0.000000E+00	-0.000000E+00	-0.000000E+00	-0.000000E+00	
-0.000000E+00	0.000000E+00	-0.000000E+00	-0.000000E+00	0.000000E+00	-0.000000E+00	0.000000E+00	0.000000E+00	0.000000E+00	0.000000E+00	0.000000E+00	-0.000000E+00	-0.000000E+00	0.000000E+00	-0.000000E+00	-0.000000E+00	0.000000E+00	0.000000E+00	0.000000E+00	0.000000E+00	-0.000000E+00	-0.000000E+00	-0.000000E+00	0.000000E+00	0.000000E+00	0.000000E+00	0.000000E+00	-0.000000E+00	
