0.009760	0.726358	0.079319	1.521504	0.666733	1.594706	0.968748	4.795238	2.007410	-1.343847	-3.435813	1.055898	-0.161591	2.720969	-2.204249	1.769800	-1.222592	1.417828	5.371592	1.634185	0.061590	2.529694	-0.719749	-2.851139	-2.042797	-2.554839	0.074183	-1.757537	0.025791	0.349117	-0.052702	0.006525	
1.002944	-0.826021	-0.810415	1.013778	-1.104040	-0.669380	1.189845	-1.564532	-1.265163	-4.039739	-3.714457	-1.247913	3.863324	-4.858710	0.558651	-1.123514	-0.486340	5.604215	-1.837188	0.074314	-0.548133	-0.541633	-0.933537	6.094243	5.066013	0.824649	1.126013	0.978599	-1.238988	0.431567	0.056573	-0.001930	
1.535128	-2.142318	1.606715	0.636258	-5.547774	-1.862753	2.313760	-1.613021	2.548413	20.318812	16.122556	-3.157193	-4.350061	2.293074	-2.518409	2.305373	20.017756	3.857917	-26.231273	-14.514245	8.710381	9.194822	7.586053	17.105916	12.179332	8.805621	2.619327	2.795207	-0.165905	-0.018367	0.243910	0.014515	
1.530828	-0.252472	7.826484	-6.947358	0.737022	-0.683675	-11.434404	8.174788	1.833836	9.323275	2.043181	0.509514	4.848216	2.683466	2.405982	-7.913377	0.642885	-2.214245	-12.328870	-9.068309	17.135715	2.847158	5.164920	0.854689	-20.583292	-7.848611	0.680465	-10.566398	-1.591586	-1.187935	0.423473	0.034431	
1.744818	-0.203649	-7.653767	-8.491532	-4.237704	-10.978129	-24.255992	2.760596	6.341314	-1.666029	-4.690165	-12.607567	-3.678111	15.052566	14.391810	-34.665683	-33.986163	8.719156	4.330910	-4.440297	4.533238	-0.987696	-5.247412	-11.370560	-7.108930	4.028747	2.076738	-4.285901	-2.237079	-1.329620	-0.888656	-0.273121	
2.712277	-14.456122	-17.829030	-19.107949	19.301259	-10.327933	-32.858398	-19.159258	-15.465871	-37.233564	2.231837	-49.051117	-56.331077	2.823632	5.095974	-69.643090	7.715933	54.603429	-6.887980	-31.422970	-3.438253	8.021129	30.984181	-54.006513	-1.531920	-0.248418	3.421597	-6.013808	-0.006681	2.676975	0.835409	-0.323310	
8.108538	-13.732177	-3.115969	-11.760686	39.116551	20.748914	-34.613516	18.135123	74.841274	23.979092	6.156312	15.748663	17.835327	10.903178	43.598579	29.294426	11.566162	40.283053	56.579475	-3.380703	39.342353	1.132854	-14.744727	4.036516	-23.774829	-8.134633	-14.813850	-1.684577	-7.575682	-1.542294	1.543219	0.115806	
5.889602	-17.913865	0.742621	5.305664	7.635755	-4.124881	-47.730234	-0.909115	61.865498	46.642330	-48.191560	-24.868557	43.694416	13.653697	16.145469	5.707948	-2.878058	-105.255227	25.417765	-42.956752	-29.029824	-31.384249	-29.658078	-6.190368	31.365849	-6.336530	-31.632697	-8.266170	1.961681	-3.566163	0.633601	0.768073	
-1.688669	-7.952338	19.073056	4.052177	-15.189540	-25.075246	-13.531101	-39.116783	12.456618	20.330754	-90.380718	-90.243247	-18.281349	-5.592374	-14.030269	-67.219090	-37.876330	-101.450854	-41.648049	-30.912804	14.760894	-15.493980	-45.868219	-19.014776	29.153114	0.798322	4.447366	5.668524	3.167022	-0.611317	-1.272145	0.116601	
-2.168793	-1.707299	5.034459	-6.548738	-7.200620	1.632314	-10.162355	5.624540	-37.961886	-3.438904	-10.565375	6.621931	55.168871	11.757840	62.924735	21.409365	-41.331799	-32.945850	89.643699	-114.408257	10.665132	20.471527	-18.393588	-35.125620	-11.045260	-7.498133	-2.924014	-1.999131	-13.392541	0.418715	0.799317	0.096077	
-0.732484	-5.625816	14.351924	-9.554704	-7.191747	-6.757683	-114.766396	15.621377	-52.493134	-70.758213	-64.094611	-38.704528	84.023221	-32.509456	-33.387193	57.466071	26.360804	-15.699845	50.794731	18.903093	66.309171	41.242262	-69.325711	21.545638	39.248892	-3.504824	5.153088	21.666507	-3.236726	-1.197041	-1.290968	-0.338812	
0.780036	-7.579727	13.771595	-0.811120	-25.518106	1.953070	-36.975303	28.354293	37.616409	-52.199494	-95.051556	-18.896141	61.201312	-41.197476	-77.593743	-109.354532	38.852923	-23.884766	-81.527979	-39.474024	-35.251904	26.147276	-37.218499	77.093357	26.691063	-12.927838	-5.922716	9.471924	-4.302069	-0.840242	-2.085372	0.535133	
-5.198988	-3.309666	9.537471	-27.161167	-57.912149	-44.661748	42.955838	-61.026442	48.242336	4.330404	-35.896229	54.380676	-31.689569	49.843901	74.784781	-44.004137	-68.406857	119.878012	4.565612	23.615871	-28.328604	-24.214542	23.495044	13.060031	13.694075	2.896835	8.398768	11.941497	5.333322	-2.553990	-2.460316	-0.417464	
-2.643509	-2.654542	-2.503972	-35.771426	-2.077227	-12.083107	43.030770	-79.476098	29.034254	46.675644	3.826572	-29.860222	-0.504795	-17.895984	16.560357	9.397841	-59.196248	50.127348	-28.996766	-39.065845	1.552940	-11.274154	16.925590	-6.658112	33.359163	7.629743	26.901448	-6.387297	1.423085	1.891616	1.663987	0.633124	
-0.735005	0.156514	-18.188525	-4.674779	26.567651	-13.587865	-8.842530	-26.816651	13.651071	-123.399941	-48.723830	-82.671178	-29.415978	9.515709	9.277566	39.827710	62.602813	-23.223843	-6.515193	-16.308916	-12.501073	-50.391754	-20.065885	-31.604890	-12.642420	-13.662069	-6.057181	-14.159979	0.213231	0.487082	1.067569	0.501876	
-2.524320	-1.964031	-16.665886	-10.100331	11.997327	13.845261	-70.539535	-14.717587	11.536468	-55.705601	-49.431680	-4.198065	-19.340016	18.237923	19.157624	-30.561073	-47.257181	-119.583031	15.953253	-97.722277	6.821796	-36.831845	15.806614	-23.735823	-4.470191	26.876185	17.164055	12.508304	0.679333	-0.361607	0.398197	0.243448	
-0.879838	2.052609	3.324822	-3.319465	20.054152	60.217050	71.276869	-47.949535	77.615187	103.892969	46.300812	66.120331	38.451131	-72.094994	-15.920096	41.719036	17.320562	-56.496577	40.143960	-28.365039	6.310858	-74.096909	-47.325736	-41.268953	-18.515351	-35.117040	5.728532	13.041549	4.401755	-5.291355	-1.072421	0.045559	
-3.861895	-13.671853	14.538776	27.379893	-22.162090	-91.496610	16.588603	-30.551342	26.114078	5.747415	-14.640893	-36.696124	93.731066	8.206348	14.462188	-69.312707	-47.750511	-71.022364	-5.890950	42.783489	12.492839	-61.679376	38.680497	-6.537293	-28.176986	0.275755	-14.688603	4.282370	-1.511702	-6.662655	-1.002248	-0.221952	
-3.577533	-6.461822	-3.205681	4.820701	-16.461187	-78.522495	-34.738219	18.301628	19.639461	-64.211335	-69.095190	-38.040429	-24.909001	-33.543895	-36.359916	-57.915653	63.117191	-15.209930	48.910767	26.992189	-8.864769	25.253085	57.389793	32.699886	16.873954	-10.735718	7.728731	2.919601	-10.497741	-0.415804	4.205962	-0.185415	
6.073479	-4.675184	18.118422	-28.388094	-4.327655	-5.882829	4.075082	-51.066126	-38.982464	25.111096	-5.918659	54.850789	63.968628	-39.650480	-17.378282	-11.139812	23.631815	-47.054654	-29.334784	-14.264996	21.813741	-56.205321	-73.385087	-9.227994	7.051759	16.284508	-4.014402	1.363204	-4.590471	-2.287574	2.644298	-0.624738	
2.124730	-13.161366	23.345742	-25.363346	-41.313490	-0.341988	61.405349	-79.362207	-39.841682	15.965519	56.639285	-71.364142	55.195005	-102.537567	29.227984	-5.445238	10.739206	-29.439850	-27.888323	-21.444867	49.424609	-43.047864	29.142672	-5.148801	16.886825	-8.662108	-32.027070	-8.021918	-3.551006	-4.598822	-3.782536	-0.087218	
-5.392282	-16.722495	1.048379	-8.876951	-27.546502	40.227795	-20.242463	-45.769209	-64.346289	-20.282670	18.610669	-52.929940	-11.586752	-85.565861	-39.049391	-26.018648	-51.660369	-57.932821	-22.326285	-14.740157	64.175419	-46.811099	-11.445561	21.327431	-13.603058	27.066704	-6.728076	12.985617	14.926398	4.898066	-2.586476	-0.143089	
-5.405265	-5.617776	24.688106	2.756483	-34.226910	47.253547	-3.339727	-13.678934	7.152129	-79.712427	9.180612	-36.278083	-5.421469	-109.768702	-5.957929	10.515688	-56.397605	-4.871089	66.341106	-23.905820	5.492829	-26.327940	28.403513	17.678351	-27.200568	44.122734	28.472597	21.991505	7.240884	2.198952	-1.521771	-1.508643	
-7.954808	1.212952	8.237362	1.542717	-34.374623	-18.405951	-60.232882	25.679574	-16.217030	-13.307743	-15.243801	4.827378	-52.815881	20.431685	37.260851	34.264253	35.491908	-6.070061	98.026628	-47.559655	-18.771323	-26.395227	45.788485	31.959871	2.205354	-18.813193	7.536625	0.682832	10.077990	0.995221	1.057286	0.100718	
-1.158932	-3.258886	2.415393	-30.058579	5.701919	-31.042855	17.264599	-50.906136	48.383499	-13.364120	39.494336	27.973640	-17.613927	16.567681	38.346283	-10.268715	13.251232	-79.516685	-1.274650	-2.514320	-9.036326	-21.457764	11.019206	26.782453	-20.601568	-29.960565	-6.624620	-15.415278	4.252803	-0.984939	0.527737	-0.326269	
-0.497372	0.518869	21.690069	-39.200551	20.120709	-16.501775	9.763790	-47.288299	46.771470	10.574063	-39.477121	-4.106207	14.640601	-44.504557	4.624248	15.968437	-12.111530	-24.941149	71.957479	24.462877	-0.146438	-56.168856	-36.546157	10.751179	-16.204620	9.872050	-5.906272	3.014937	-0.101324	-3.982146	0.653445	-0.167710	
-3.243048	3.205221	-0.814641	-50.200660	-9.850534	13.566753	26.006466	-50.566339	17.791089	-5.256801	-22.555486	13.607679	44.275216	-36.593731	14.907063	-0.408111	-13.869673	-34.910307	14.588537	-11.769743	20.240681	-30.049753	-18.535860	-5.454354	3.809487	2.902175	5.166868	10.672686	6.008986	0.821758	0.739617	0.275336	
2.062685	2.772959	10.576067	4.456354	-7.696049	24.747348	27.556150	13.682441	-11.264140	29.577506	13.071823	11.256679	32.818515	10.286973	12.272523	19.802850	34.447500	35.939608	34.198802	-4.149619	7.317228	6.003578	17.542684	3.762891	-5.923668	10.648877	-3.770570	0.878315	0.250620	-3.839341	-1.323043	-0.345177	
0.146087	-3.110639	1.468871	9.119473	-0.489386	3.174794	13.853146	20.152256	-1.100766	11.387205	9.499798	-23.613867	5.082832	-2.942964	8.310239	-2.266122	7.284627	7.769259	-1.050312	-13.124189	-17.216132	-19.456117	-18.414664	-2.853030	9.842067	5.000893	-5.829339	-2.988925	1.494317	1.080702	0.734723	0.052414	
0.593669	0.294774	-0.483655	-3.376096	2.317057	-5.415592	-7.121245	-7.244715	-7.545036	-5.023301	1.671944	-12.404450	-3.412284	-10.410397	-13.918125	-11.660132	-6.315668	-14.735669	-12.736909	-7.425844	-2.204422	-0.156123	-3.411160	0.914175	-0.842952	-1.378539	0.529345	0.766465	0.675726	0.641537	-0.545378	-0.183549	
0.083796	0.453391	0.328952	-1.491092	0.887481	-0.235689	1.152946	-0.215624	-0.371053	1.452859	0.657402	-1.171492	0.682123	-0.286232	-2.128763	0.510643	0.904113	-0.491117	2.742545	0.487441	0.310168	-0.749808	5.096081	1.862650	0.158063	1.962838	0.628589	-0.608491	0.119690	0.247315	0.083817	0.031132	
0.097786	0.090371	0.462765	0.244935	0.629047	0.310185	-0.274355	-0.044132	0.043006	0.612620	0.166798	0.322241	0.590266	0.061636	0.008256	0.167073	0.086952	0.009147	2.084895	2.013900	0.396164	0.072569	2.084627	0.205460	0.127424	1.072426	0.111597	0.099794	-0.046513	0.084554	-0.029915	0.013530	

-0.394412	-0.379340	-0.374845	0.746882	-1.539917	-1.900897	-0.397094	4.081931	0.603996	2.353868	-2.052375	-0.365359	0.108404	-0.254272	-0.685972	3.611434	-5.026388	0.214936	0.617472	-0.036877	0.321893	1.935526	-3.226751	1.050386	-0.439881	-0.408058	-1.014480	0.107669	0.613590	0.150992	-0.061909	-0.028859	
-0.616926	-2.305496	-1.972522	5.653183	1.207400	-4.339497	-5.074908	-7.078179	-7.607437	-5.378225	-5.375873	0.145704	-1.705156	-7.030006	-3.179125	0.435513	-15.308283	-4.256092	-8.836289	-4.652692	-2.171547	-4.758195	-8.884033	0.923566	-3.585205	-9.186686	-2.708058	2.436394	-0.644500	0.320827	0.020159	0.095744	
-0.890842	-2.908596	8.036347	1.546578	-5.204856	3.458440	10.204620	10.002443	4.911865	19.901811	6.312866	-0.529308	-3.795552	3.668804	-13.551268	21.895263	13.433909	16.395780	1.829887	-11.779308	-4.874194	-2.568149	-9.424199	24.218227	10.684475	-3.479108	3.628287	5.250772	1.113236	-1.397491	0.202836	0.043283	
-0.857866	-0.597211	1.010929	-17.505820	9.660911	-4.347328	-5.530453	8.332205	-1.673118	-10.064990	-4.327455	-8.109637	-9.917768	-16.637709	-5.789573	-13.766410	-3.587778	-9.380262	-4.981646	-8.482631	37.703043	-10.207244	-11.945782	25.860866	-11.093091	-11.328424	-1.912947	-2.593842	3.738023	-2.062193	0.623265	0.329093	
2.925978	1.365689	-1.995243	-1.728718	21.019359	0.164773	-8.191688	22.545783	-4.568013	-18.211152	-2.599448	-1.827398	-13.624593	4.228043	36.891049	-0.484452	4.620540	2.151176	16.547194	13.464366	14.379256	-32.184877	-16.708861	23.137664	7.794740	-7.524386	-0.023405	4.656817	4.970772	-1.169854	0.864602	0.766250	
-1.746351	-15.296483	0.328385	6.396008	27.772299	5.465580	-14.349875	-12.939569	-15.308962	-5.485848	42.530707	4.801788	5.964063	10.240476	9.484753	-1.200412	56.474940	26.219339	-34.237564	-27.087512	16.306748	15.790636	18.812071	-7.052115	29.610068	5.597173	-0.637901	10.557203	12.046217	-1.117292	0.818368	0.843708	
2.877904	-7.644359	21.590227	2.682038	21.382080	-6.777248	-19.876085	71.089441	53.333032	-8.042444	-38.121563	20.539029	34.554518	-0.465013	23.107623	-0.438150	19.836256	-7.265449	53.606224	24.818099	107.045723	28.437080	-10.604513	-1.573511	5.761773	3.629288	-7.399690	17.638459	12.885731	-4.170090	0.557737	1.188941	
3.832624	-25.152287	5.402968	-23.518962	-17.372566	5.164310	-56.309066	10.275275	-5.193871	8.309434	-26.040639	33.624040	62.133145	-24.752976	4.974512	33.296851	55.720993	-71.937573	36.624373	-77.714849	-21.628786	-22.614600	-30.505589	43.095083	39.543937	-4.009808	-11.187675	12.420083	8.284453	-3.314015	1.304480	1.199847	
2.307287	-18.008102	8.931210	22.092962	-16.077397	12.227840	39.806556	-26.691830	16.360636	15.733007	-21.054594	-50.956101	-2.874362	-57.725488	5.969129	-31.403701	51.919292	-122.888221	39.725095	34.042506	2.937482	-8.852214	21.034600	31.809405	30.636078	-11.388027	22.536521	18.327846	-0.587889	-1.178989	-0.147069	1.118142	
2.308597	-33.878864	-20.705067	4.843397	20.448069	39.289450	40.857780	57.737176	52.322461	62.279819	3.703575	55.732046	17.369293	-32.507999	70.154051	26.470702	10.531410	-7.299430	111.825147	-75.449610	30.410020	8.565350	63.574110	-31.035901	12.958314	9.683910	1.308619	1.326624	-4.447969	4.818471	2.455886	1.048958	
-3.246805	-17.561007	23.400241	-6.444472	-0.642153	11.074334	-124.854411	63.518632	-4.061910	-30.133632	-44.281446	10.018003	93.739908	-81.921314	-22.839225	50.152764	60.722728	-25.942830	93.148202	33.557018	109.361838	-22.529743	-29.280473	-34.821762	17.876572	2.348565	25.323628	27.210785	-0.229002	1.459675	0.694876	1.750120	
1.708686	-10.200050	32.225246	-0.727151	1.561748	40.692217	-10.090045	87.965147	53.147782	73.410365	-37.289788	8.862246	10.979623	-115.735091	-56.244354	-58.165763	103.006325	-88.165830	-66.034474	-49.602756	-14.470444	-50.378907	-39.127995	70.550080	0.406537	-24.809743	-9.434745	2.028463	-4.359521	-4.660939	-0.036746	1.455643	
-3.335819	-14.411912	-10.470479	-1.670503	-18.012106	7.392666	34.267809	-22.841059	72.445853	12.746722	24.187748	107.438796	-11.870929	36.420008	140.727205	28.973095	68.121288	63.415199	11.491208	71.011040	88.847241	12.039236	-25.626914	15.629013	-5.069130	-23.160764	20.561306	13.711504	14.092997	-6.070246	-0.525209	1.502387	
0.057547	4.274468	-3.780773	12.154887	39.051276	6.531451	4.281936	-122.300042	19.746724	10.923489	-53.156759	6.935246	-7.169985	-93.809798	20.689053	-93.798002	-92.379075	-2.749786	-17.198581	57.884116	51.354195	43.643908	-6.088707	2.422121	24.112804	-15.285634	24.349227	-9.857057	5.417569	-0.858866	2.840675	1.201918	
-2.182720	-3.508582	-5.100179	11.995209	71.061647	15.771035	74.428331	14.524060	164.119616	-11.859005	8.963554	-36.530334	53.748442	51.676046	16.356007	124.910635	99.186154	1.551555	70.603515	18.323060	-38.327165	-5.785987	-2.509779	38.245924	-36.986591	-3.483204	-25.404304	-15.337970	-0.025101	-2.573700	4.409926	0.472718	
0.393565	-1.973065	-13.538666	-16.217702	9.888385	-42.601837	-73.180994	-35.254133	39.090308	-20.355420	52.437302	-50.926366	60.087844	65.117400	26.711201	-26.224700	-36.610476	-85.274811	53.199183	-48.972830	16.598736	76.784712	105.748473	42.592687	26.094245	35.375676	18.805201	25.483134	22.678902	0.545389	5.205051	0.346900	
3.112889	-9.592595	4.024920	-9.836040	26.541279	50.062744	68.889420	-52.877061	48.753625	95.267112	37.353819	20.584558	-26.292638	-88.057841	73.491710	100.299827	40.567665	-14.443285	96.016207	-2.957745	20.262800	-9.569439	-1.281266	-23.509299	-49.215272	-30.708987	-15.212785	9.082874	10.183865	-5.780602	2.725226	-0.731851	
1.311751	-40.640026	33.328793	28.416422	-59.212391	-82.263018	48.091218	-66.923007	-41.384001	-55.222378	-82.642801	-94.816072	36.978102	0.548093	100.394439	-40.890942	-35.632074	-104.384815	59.432193	21.803603	-58.885799	-36.128474	45.983575	31.767208	19.689555	51.725038	21.892820	9.045794	1.237125	-0.615166	3.794331	-0.439006	
8.235498	-24.151980	-2.198538	26.201189	-23.092734	-25.422038	64.566034	37.685951	11.721160	-13.033609	34.497757	-62.166155	27.667657	-29.704120	48.694734	13.569991	92.748432	-39.376876	96.224122	43.581881	6.772218	119.813406	104.056820	56.705718	5.858611	31.583706	20.453936	-8.003289	-9.957956	12.525974	6.146026	0.140275	
-6.842317	-20.444679	27.383242	-1.284090	12.707362	27.785147	66.097001	-10.969059	-3.016403	-11.620426	32.576421	43.310383	62.253672	20.866542	82.738478	5.178725	35.583581	-92.951551	5.720547	-25.917177	-25.357905	-28.701572	-51.623338	-20.466472	-36.876389	-4.714586	-1.760550	0.774491	-9.621162	9.279459	4.009309	-0.808130	
-3.278732	0.575699	31.089499	-21.518767	-55.874142	38.651185	142.946841	16.365229	8.719607	38.009236	97.350971	-63.544948	-15.472002	-93.253857	128.489298	10.627915	10.458291	15.069721	90.236160	41.509628	31.529418	60.366060	89.889229	73.633064	17.864076	-10.313521	-19.711377	7.933308	8.106300	6.752326	-1.384068	-0.057495	
0.529832	-11.141031	-5.260857	-5.626885	-12.765623	25.670400	-22.690598	-9.357601	-56.988020	-42.605972	43.069339	-56.806805	42.178022	-57.097548	47.093734	-0.811955	17.376994	33.865796	-3.842301	18.374009	-24.679745	-48.246598	-15.562929	-11.303460	-9.162724	10.605009	11.962134	27.751057	11.559829	4.948226	-1.274472	1.752684	
1.869259	0.585622	25.050894	5.376790	39.896362	107.658444	49.931067	94.006222	92.588554	-23.177900	79.189437	47.824878	94.443921	-82.118053	126.432150	23.602685	18.277345	-4.964234	80.014913	2.575379	58.376126	23.649643	93.436128	9.284164	23.006418	13.368472	16.739448	8.905059	-2.717910	-5.221435	-0.162534	1.065464	
1.174891	1.163615	-9.366291	6.899111	12.016590	-29.048573	-53.312385	5.571507	-5.215828	-57.335666	41.339589	-7.879781	11.760032	-32.349685	50.948663	-20.178167	0.903992	-53.394842	75.912579	-21.850793	15.620365	8.786221	88.570135	49.594214	23.019637	-18.711420	-13.913842	-10.170993	1.888932	-5.773073	-0.630007	1.245946	
-2.409189	-3.996612	-14.114376	-0.614581	39.668781	22.849759	11.913435	14.661634	43.488600	-20.878572	88.534828	26.272414	32.580278	16.852552	71.242063	-3.633220	25.083134	-107.105262	52.027451	-8.026902	20.585368	-57.525739	49.487962	8.612983	-16.439190	-7.890398	-11.571413	-3.241031	1.675258	-1.932975	0.347487	-0.038654	
0.644123	3.359769	24.847562	-5.885008	31.335157	-37.497919	-8.832184	-46.522279	68.120055	-39.245667	-41.292656	-21.815823	-3.822737	-61.291674	22.216407	5.249923	-5.974808	-58.601288	86.412836	-9.077097	7.685721	-26.124594	50.501265	43.659953	-1.167837	13.474063	-3.274123	4.617196	4.492781	-7.130970	0.818444	0.175233	
0.629933	-3.041678	-1.497716	-48.232018	17.972341	13.609192	20.668229	-34.941818	37.034643	-39.960933	-10.251541	18.086147	42.473558	-62.646919	5.782972	2.004406	-17.039376	-60.095957	7.637163	-15.357318	37.029755	-8.494765	11.736751	34.951024	9.075675	12.958255	-3.076630	15.905641	6.384583	-0.743801	2.768982	0.710263	
-1.143624	-4.244244	10.119024	-2.504024	4.093251	8.316521	24.386145	-11.301687	-6.145065	13.350924	36.443029	21.274181	35.166347	-16.557807	24.880574	16.934982	12.620569	20.395610	33.984739	15.307063	34.863846	24.660045	21.828325	22.172133	7.140012	15.347490	-11.138778	1.901675	-3.491681	-3.554499	-0.425843	-0.118041	
0.182216	-5.163846	-1.471845	2.227574	-0.950366	-8.338468	-3.572703	2.768108	-14.900420	-6.413657	7.109451	-21.591513	1.124200	-9.517341	-2.064636	-2.866300	3.107021	5.046437	6.616604	-1.259486	-0.869997	-8.060676	1.017162	-5.994745	7.976407	4.895984	-10.166992	-1.345690	1.077848	1.491455	1.069213	0.186126	
0.276764	0.630931	-1.283496	-1.748827	-0.865247	-3.448458	-2.947990	-5.419743	-9.102447	-5.051228	5.913241	-11.065695	6.811021	-3.135437	-6.351162	-4.244565	0.329070	-7.030338	-6.348014	-1.269960	-0.991392	-4.818662	-5.682548	-1.733000	-4.774610	-6.820146	-2.253507	-1.363361	0.119390	0.466406	-0.530096	-0.149515	
0.069447	0.029309	-0.250728	-0.770639	1.113279	-0.073526	1.004024	-0.046577	2.197508	0.394819	0.813630	-2.265480	0.741048	-0.439974	-1.256890	2.723246	-0.125584	-1.827128	1.398545	-3.553228	-5.650589	-6.793639	0.153781	-4.288637	-4.256235	-2.325170	-0.129736	-1.438343	-0.228739	0.202778	-0.033093	0.097837	
-0.073305	-0.274691	0.128194	0.011081	0.332386	-0.099598	0.479403	0.152663	0.009759	0.473949	0.437132	-0.328979	0.678279	0.469835	0.181761	0.658210	-0.524133	-1.788893	1.397527	0.549297	-2.583415	-1.551711	0.196302	-1.730098	-1.158560	0.186279	0.064805	-0.022884	-0.032984	0.093767	-0.069826	0.035909	

-0.457753	-1.656840	-0.060268	2.273280	0.572182	-0.397127	-3.532117	0.246294	-0.660230	5.768400	2.173246	1.452743	3.592442	2.038357	2.243505	6.018947	0.318405	0.030461	0.091617	4.134978	1.822093	5.914850	0.092758	4.495397	-0.105215	0.223235	0.226776	0.013406	-0.247437	0.574373	-0.102887	-0.031217	
0.483173	-1.160862	-1.238462	-0.452543	4.598092	-2.054965	-1.816108	-3.384834	-11.432606	-8.843233	-0.875883	0.439306	-1.364368	-8.003079	-7.040695	2.277009	-9.171013	-3.344012	-0.622543	-1.905272	-1.820462	-2.596560	-11.354054	3.637265	2.034808	-3.087255	0.904148	1.779961	-0.157840	-0.396559	0.208485	-0.100265	
0.122476	-0.749372	3.825957	-2.397515	-4.477036	-4.997403	-4.250240	0.094743	-18.825221	3.870081	2.769802	-15.068530	-15.883635	-4.069885	-22.734360	-15.498852	-1.006719	1.023327	-4.327292	-18.019366	-4.559190	3.988923	-17.007057	4.477827	-2.898584	-3.379775	-1.517468	-0.423564	0.326087	-2.140472	0.685676	-0.048320	
-1.596637	1.270983	6.928507	-7.532422	9.186883	-16.487729	-14.694771	2.957784	-19.270354	-6.079095	-8.876260	-2.465970	2.038362	2.000887	2.422883	-12.778543	-3.631954	-25.466212	-12.910546	-12.357362	5.840248	-29.070038	-30.356883	12.765983	-11.602421	-7.639306	-2.179231	-4.809716	0.985198	-0.492739	0.649620	0.045109	
1.303581	5.902388	-2.931784	-1.085998	24.289743	-7.538517	-15.956429	23.966249	-13.477273	-9.552791	23.437877	23.349758	5.614916	-0.809152	53.089116	-5.239245	15.287435	2.226097	-0.269344	16.844375	-9.308271	-49.588514	-25.442237	-2.700755	1.192964	-3.226242	4.864199	7.041559	1.264305	-0.185978	0.703478	0.030278	
-1.480204	-10.173565	-2.800605	-9.775741	8.612043	1.607404	-0.450711	-12.057561	-15.725825	-4.726019	18.561682	-20.338008	-17.193962	-6.468279	-27.312086	-31.283464	2.387280	19.184589	-28.197618	-23.090084	37.509088	-1.934455	2.655043	-12.715056	-11.426582	-14.081762	0.214231	10.816467	9.119290	2.910301	1.919530	0.466502	
-4.464317	-1.522921	6.644093	-13.593938	15.040428	-19.370918	-10.697401	32.413865	3.576630	-0.994170	-21.847215	-42.306135	9.300981	-27.922399	9.870453	-16.868354	-43.657063	-28.207203	7.563417	-26.049944	30.584086	-18.925329	4.097229	1.782387	-7.700181	-1.908189	8.541546	19.154170	1.570700	-4.114172	2.826158	0.733540	
4.453131	-6.142165	5.932286	-18.165214	-28.484680	-40.012259	-78.092086	-24.304312	-14.326457	-13.573367	17.735219	11.581998	2.108364	-71.660615	-13.178945	8.773213	10.151155	-74.603809	27.479940	-59.412383	-30.433261	-93.388263	-36.993629	22.015853	45.934609	8.607333	-11.590984	1.041174	-9.536386	-4.687974	0.205734	0.796245	
-0.609277	-6.621396	-2.054176	16.613605	-15.959352	-7.947340	-22.435731	-80.404724	-37.052512	32.985775	-2.217652	-22.534131	-5.545687	-92.939306	-40.362004	-66.547316	39.391682	-100.033475	25.000136	30.513080	20.877764	-50.240754	-23.917703	42.720453	13.195953	-23.965429	0.785354	7.053619	-4.168232	2.177809	1.455676	0.782229	
6.307765	-21.958057	-12.001017	-8.979308	18.644033	23.626629	21.540866	5.981967	-20.225739	16.180672	-9.062500	-12.905547	6.995375	-24.131115	50.488808	-15.368853	-23.497949	-21.373724	47.513974	-45.381752	16.242672	48.352679	45.033896	-75.421232	-54.417964	-13.462179	-2.059337	-6.617474	-8.533298	4.792875	1.550162	0.446382	
-3.975588	-13.536866	0.547930	-23.513700	-14.475198	-38.456941	-108.804208	47.865123	-34.830932	-16.795481	14.581003	-13.043748	24.883424	-30.798281	-39.105646	43.311645	80.376834	-38.841863	-37.116045	0.090480	17.676061	-36.886921	-39.474137	-13.540448	13.657237	14.939473	1.566285	6.735924	-7.581599	0.979006	1.148715	0.905084	
-0.105666	-9.478465	8.077051	-15.505833	-14.492227	-4.413182	-54.128932	53.284970	93.967890	-39.191980	-44.039640	-78.991739	-41.515326	-44.095996	-54.105694	-48.908144	37.620923	-117.934415	-134.887448	-32.218520	-70.314094	-70.697365	-41.500711	69.318685	11.970597	0.051193	8.378110	3.116055	4.899312	-3.351564	-0.693248	0.259484	
2.092770	-4.429887	-6.796709	-5.185494	-6.722526	0.883402	44.365321	-33.957909	48.946189	-80.975247	-19.171820	42.608852	-92.564624	16.447463	136.458399	-89.001789	-6.747381	6.389376	-24.618655	44.034918	38.618320	-7.670308	-33.242637	10.620553	-36.975816	-20.123710	1.006821	-6.697540	1.278238	-2.289144	-0.891543	-0.065754	
4.377808	-3.810602	-12.119700	-11.366486	21.192780	-60.611109	-20.125309	-119.898047	-37.088084	-87.252118	-25.640280	2.915706	4.751385	-45.959607	-34.768755	-91.605253	-163.220041	25.877976	21.526113	52.585563	6.587843	-33.356306	-78.703462	-25.138805	-10.472400	-13.587146	-1.985377	-7.518091	-0.310607	-1.916836	0.850180	0.181762	
1.391271	-4.786606	-3.823366	5.974555	20.712053	-51.199723	-36.503552	0.419992	34.055032	-55.978172	13.009988	-15.034722	-24.479123	-60.827072	-88.322425	-53.355316	45.647813	-20.389903	10.305172	-31.139177	-74.813639	-62.277405	-38.018555	17.590805	-56.160551	-49.704956	-28.181501	-4.973172	3.924553	-1.846758	3.360107	-1.034575	
0.008980	-5.317490	-0.196774	-39.406549	-10.541023	-55.376796	-36.505768	27.312613	54.826332	-19.300493	31.048053	-32.088855	-25.751731	-56.454159	-41.753530	-42.274530	-40.094243	-87.364456	-5.946324	-118.048648	-43.498976	38.086688	84.457355	-33.051697	-16.978457	-10.472370	-1.428930	23.379325	11.586846	-1.805890	-0.346065	-1.727633	
5.129610	-5.475218	6.073091	-18.838133	-27.943357	11.832045	34.280434	-47.664191	37.790512	51.381366	16.291181	-36.126725	-36.653032	-115.433491	9.889765	3.869483	30.122976	7.667782	75.748518	-36.836834	24.261318	-57.557285	-10.434844	-58.876167	-13.801436	-23.395769	-9.439544	13.552012	1.805443	-4.380606	-1.747315	-0.628931	
2.237173	-23.120328	16.590941	-8.090714	-64.062195	-72.578633	13.914377	-62.692082	-35.869010	-73.058695	-75.473412	-82.439177	-1.420746	-9.022849	106.424930	-72.669847	-47.127739	-47.564906	86.692263	23.374832	-75.600092	-79.802659	0.779264	6.390440	28.353530	13.940470	-20.645940	-8.030744	-1.903414	0.469326	0.049757	-0.761659	
0.091005	-20.086676	-17.719352	-11.935465	-34.969939	-73.577165	-7.435682	-15.530595	-29.277898	-47.881699	-25.772582	-88.762875	-37.826032	-51.776376	-24.455654	-75.235411	34.689061	4.860894	62.146849	-79.100221	-58.921691	40.715379	29.011763	26.504348	11.304772	7.255158	-15.558012	-7.810582	-12.744148	2.167543	0.871709	-0.719704	
-4.871128	-7.641967	10.931731	-25.678685	25.892056	39.559431	38.431737	-46.058860	-3.199510	-16.405566	-1.932668	-19.867215	29.450979	-54.856451	-7.044749	-87.411904	-27.657037	-82.736003	-78.502889	-105.579713	-60.812026	-64.519427	-32.761850	-81.815418	-33.043178	0.890675	7.001241	20.661876	6.731761	5.248102	-0.134357	-0.364661	
-4.568795	1.884752	24.377572	-39.245705	-68.227774	-16.850865	58.964680	-51.910722	-18.727491	34.118009	81.976328	-38.067081	13.622122	-31.676493	85.640634	-39.479736	-29.095032	19.502627	60.052480	-2.096276	29.164933	-5.687649	17.214881	-21.376819	-21.850664	0.559405	-19.609178	-0.921853	13.467282	2.178735	-2.813567	1.593914	
7.322488	-12.100731	-21.242580	-22.741868	-28.722522	-34.092661	-89.794252	-61.543416	-52.258641	-56.775753	18.761850	-46.017699	30.638014	-27.393189	15.564067	-91.389466	-14.939521	6.856496	30.518913	-55.547599	9.845324	-78.349007	15.348611	-13.687960	-23.979354	-31.116925	-23.936262	-5.811576	-3.470642	-0.613109	-2.918907	1.720080	
2.719573	0.255566	-10.260147	-22.706878	-3.305644	16.149122	-30.901424	8.006768	23.182036	-22.556073	19.609956	2.589177	2.503487	-89.288292	37.173736	-53.432652	-26.020309	-71.853748	3.788524	-121.971001	-12.150629	-31.294747	6.558528	-44.410141	-28.072926	-5.037351	-5.739422	4.132909	-3.276146	-4.087228	0.174470	0.247167	
3.566132	-14.748255	-17.826076	-8.481442	-7.296652	-54.259881	-40.243483	-25.183111	-27.360231	-64.733208	12.409295	-34.477735	-79.117160	-81.815612	6.160798	-59.253212	-7.952116	-49.149366	34.694272	-43.743578	-12.524444	-12.696632	4.181703	17.548247	-18.334989	10.059176	-1.003733	6.145464	0.018835	-0.311692	0.969485	-0.803877	
1.936197	-11.841145	-26.379954	-3.471642	34.324953	-21.897921	18.360181	-1.887400	27.173491	-9.340935	58.839723	5.548290	-38.483983	13.229190	-2.544360	-18.465825	17.587438	-75.866915	36.972417	-18.101907	12.729757	-46.177225	-2.230756	10.552653	-39.867666	11.214701	0.672673	2.750006	8.456694	1.010249	1.869856	-0.668420	
1.649214	-7.647054	17.257908	-20.643185	20.879046	-26.513295	-27.139932	-63.494320	54.720786	-9.553554	-53.084596	-23.859172	-33.928566	-35.341924	34.811751	8.164771	-32.588563	-25.434704	37.016974	-24.906559	-29.733544	-33.154632	3.732916	-9.711814	-19.639902	-2.553794	-10.302651	-0.351458	-4.605648	-6.188835	1.388106	0.026703	
0.180442	-0.880773	3.544055	-39.474201	-7.072446	-26.770638	-24.367309	-48.557136	-18.992770	-33.688221	-64.517987	-14.897460	-21.493520	-82.898215	-35.978110	-12.289238	-24.385059	-58.595886	-55.115625	-34.751459	-4.650223	-18.071572	-46.850201	-27.037653	-23.866414	-11.506296	-10.536650	2.481437	-3.467049	-3.123127	0.021589	0.243425	
0.741474	-3.682067	4.134845	-4.872207	-10.830529	-11.235989	14.137732	-0.882831	-25.846750	-2.170781	22.669271	0.656810	4.566842	-14.297376	-13.365815	-2.048276	-19.104059	-7.572986	-4.175443	1.086073	1.154309	0.497297	12.697393	-12.839908	-15.467069	1.410918	-8.270704	1.520916	0.371125	-1.847082	-0.330941	-0.444982	
-0.339802	-4.446952	-3.608438	7.301159	-3.162911	-10.855167	-0.692555	10.459793	-13.831579	10.409761	2.149408	-21.514959	-6.342727	-1.192404	10.282246	-11.763073	-9.697362	11.305558	4.190563	6.345523	-1.294062	0.784585	3.281707	0.618537	7.905881	-2.063642	-3.437199	-6.657384	-0.804351	0.747777	0.232491	-0.078047	
-0.024250	0.847970	-3.015800	-2.263877	-3.069352	-0.084935	-7.219597	-0.580417	-5.553486	1.140937	-6.771151	-4.963509	-1.612316	-0.813391	1.316421	-2.165594	-1.036935	2.810152	4.215101	5.241634	0.942152	0.080956	4.276830	-0.489675	-0.799560	-5.159573	2.143091	0.523733	0.473914	1.660549	-0.235676	-0.054573	
-0.048555	0.101228	-0.204005	-1.630866	-1.241183	0.031771	-1.680301	-1.597548	-2.249908	0.203363	-3.287574	-1.898332	-1.126966	-0.918008	-1.655402	0.360545	-1.363073	0.004540	1.510219	0.197676	-0.882515	0.194775	4.774852	-0.478583	-0.177171	1.770942	2.025552	0.347385	0.078344	0.050491	-0.021382	0.024766	
-0.029070	-0.267444	0.144738	0.083310	-0.171991	0.207210	0.247026	0.259623	-0.591708	0.006271	-0.705899	-0.525145	0.139545	-0.516208	-0.050884	0.737855	-0.735156	-1.256971	0.354322	-0.078704	-0.522232	-0.090060	0.271830	-1.078715	-0.759176	0.416742	-0.229409	0.016768	0.072181	-0.030615	-0.015564	0.006006	

