0.401597	0.776935	1.873928	2.198251	-0.153498	5.107863	1.515711	5.375980	1.238936	5.885184	2.845553	5.724244	2.104806	5.928099	3.702841	2.735219	1.163957	3.243385	1.515528	4.761113	-1.232581	3.469051	0.548322	2.098568	-0.559380	1.271792	0.341801	-0.637633	-0.533647	0.189276	-0.114320	-0.037877	
2.177796	2.899080	0.396597	1.884613	0.499201	4.027373	0.182673	-3.956978	0.044076	1.533758	-2.862456	-3.303876	8.366281	-2.762317	-4.843623	-10.739867	-0.074817	-0.437208	-6.354379	-6.704497	-3.258420	2.154482	-2.111394	-2.087433	5.761393	-3.798118	2.530674	-2.485943	-0.032171	-0.276110	0.474810	0.121490	
2.929036	4.457011	-11.098425	-2.053807	4.519131	-5.137693	2.017631	-1.052941	-1.262785	-2.575500	5.716960	-11.364056	5.069872	-9.127787	-8.297115	-0.841150	7.499395	3.850616	-6.123829	13.859658	5.562467	2.085982	-0.314817	8.252227	11.212046	-1.090075	-0.638764	-4.151029	-1.584552	0.701531	-0.393052	-0.206022	
4.614940	-3.596250	-4.058198	4.207722	2.239394	-11.136933	-9.124650	2.415580	15.347140	-8.577987	9.245462	3.801161	12.146842	-15.910045	-14.099075	11.391718	8.989325	-15.384890	-18.081759	7.925415	-4.884144	-0.082086	-12.868254	-6.036478	-3.937415	1.318231	-1.361124	-4.710409	-2.383223	-0.188773	-0.805987	0.362430	
3.258733	-13.292870	5.476844	20.848258	-8.037225	-3.700397	7.025562	-27.228422	24.565656	-23.365243	14.883931	5.911766	26.520744	2.929783	2.316815	2.264131	5.788587	-21.762475	21.394763	-9.048134	-8.395300	-18.544858	21.119093	-14.663146	4.354488	0.691621	-3.251944	3.172191	1.504857	-0.868298	0.956422	-0.002964	
2.121164	-3.990264	-6.130497	27.326349	-30.150938	-12.398674	-5.528167	-37.595750	-35.951382	-11.733014	-25.197075	-85.780443	-4.986061	-13.737091	-24.055821	4.059508	-14.172492	-43.175881	15.113003	-9.251036	23.275625	-42.103871	8.591934	-17.851769	-0.876015	-9.121519	0.573527	-2.715241	-6.177475	7.795055	1.577853	0.151523	
-2.957241	-6.951348	-13.411709	-10.952040	-3.456421	-29.555164	52.401500	6.833445	-22.105849	23.213644	47.981502	-58.310984	-10.985410	-20.610770	-51.236435	-19.452527	70.026549	-57.027332	76.500270	-30.250461	14.615474	-32.274772	17.347296	-9.643312	11.701099	-25.930254	2.346248	-23.422252	-15.363190	0.680424	0.372217	-1.313651	
1.364098	-2.135862	0.426105	-23.661922	-29.297307	-78.404989	26.329062	1.472805	-31.142982	13.117502	-41.295033	-56.649095	14.538563	23.423653	19.756684	-78.468596	46.924255	-60.753881	13.520062	-14.212446	-56.902190	-34.052052	-17.761188	-24.891376	-28.986519	-3.420200	-23.040039	-24.075249	-5.639895	1.538695	-0.925436	-0.664083	
6.597633	-26.002490	25.190736	-1.253663	-6.429427	-68.538709	25.082690	-54.868081	32.052969	-27.771924	-19.602347	-0.010358	8.878452	-15.176269	46.770904	-17.861643	67.898588	18.814148	57.898870	-0.919675	24.736952	-91.423445	59.994437	-23.232251	9.456728	26.176071	11.337049	15.083450	29.655250	1.840703	-1.336482	0.286890	
-2.903705	-7.474509	6.703629	-2.570761	40.950654	-10.184484	-55.284311	-10.365321	-21.685126	-28.858471	-67.451067	27.474411	37.567564	-52.215531	26.870042	-46.476346	15.773155	-70.368140	25.949425	-47.412380	21.596163	-12.968409	42.042785	-23.710563	3.600506	13.062151	-9.864855	-3.241790	-0.489584	-7.884419	-4.619614	-1.292692	
1.876134	2.285689	-9.770211	-53.807166	19.917138	28.082741	5.432227	27.187765	56.768187	57.034581	91.254891	53.584233	78.255796	-36.399449	8.225260	30.454005	0.378654	-3.746963	-0.527228	-49.832481	31.334961	14.676476	-28.626662	-38.551029	18.963709	-2.335407	-0.735978	-4.757222	-4.235346	0.453210	-0.038132	-0.577446	
2.795883	-17.825818	20.296326	-22.207277	-60.062736	87.393287	-24.944426	-66.082792	20.865743	-85.603671	40.957471	6.263857	-54.984684	-10.181343	-25.563013	-7.364971	-92.732866	17.846453	23.861438	-22.834935	41.863866	21.433444	-70.111992	10.286652	-12.038243	14.787342	6.438770	7.640904	0.699657	-4.278460	1.458664	-1.073699	
4.313558	-26.484247	18.193884	7.834467	-40.857689	38.507251	-34.527711	-50.228003	12.018505	-65.346969	-52.416873	-30.114227	-3.151378	-35.229068	21.173703	-13.246744	-59.161624	-45.602677	16.983423	-26.202894	24.621849	99.881617	-7.080946	64.511976	44.435358	-10.402508	31.761090	-22.047060	-9.016386	-3.787349	-5.848908	-1.767907	
5.090630	-4.331663	0.304068	17.965198	-71.967926	-11.116611	12.597619	-31.526037	33.059865	-3.640749	35.839225	-47.840908	-17.008382	-61.601099	6.930001	-10.549037	-60.372051	-3.224687	-20.319139	-38.607044	-115.344850	71.074186	-7.040861	-102.089916	-17.837173	-65.180471	-22.398631	8.903726	-3.289494	2.357348	-1.038563	0.630184	
-0.134791	-9.757576	12.790438	-16.263224	-16.625202	-95.200399	63.131867	-10.940815	-53.703752	61.662775	-14.539280	-0.011476	102.002797	-85.008020	28.960649	12.854354	-0.893904	5.756315	28.308165	49.586906	62.779186	-50.971785	73.459744	-16.512857	24.931560	21.959330	15.855733	18.958888	14.302440	3.743687	-5.462981	0.825723	
3.964369	-2.261067	-15.597201	-34.928616	40.307105	-22.176609	-62.482920	25.754149	24.611526	21.976730	53.569998	-79.378650	114.451348	-16.998286	-13.804143	0.420660	7.485881	76.533608	33.795367	-12.661038	56.813585	-89.159398	-7.585380	-10.901132	-38.793541	19.801466	21.759966	-8.849740	5.363029	2.548778	-3.536893	-0.051716	
3.614523	-7.754010	-6.675078	-40.196327	45.367702	26.199307	-48.785779	-37.216935	63.607400	-43.779478	67.012171	-22.751577	-48.258917	-34.189978	-14.961391	19.254318	63.097540	10.787038	-55.023648	-66.647843	-4.089380	26.801370	-24.236051	-30.735634	11.056044	-33.688735	1.047390	-12.538517	-18.743657	0.564294	0.251652	-1.876466	
-0.500075	-2.093727	-10.186588	-2.839735	-56.740830	11.398816	8.250240	-29.408844	30.292802	-23.873216	-32.156645	-59.272827	-4.757494	66.058885	-63.610228	-28.007829	-27.269473	-1.336925	-27.746374	13.055943	27.817898	-48.336021	24.649288	-52.431509	48.809116	-38.073983	-33.750709	11.415901	-14.800668	-4.996398	1.072264	-0.014795	
-0.092659	-0.723669	-2.335501	26.565841	-32.624549	-51.000653	58.054968	-100.432113	-65.993931	-11.005503	23.483960	27.781130	-33.794828	101.203024	82.008618	-55.787520	-21.250263	-26.204263	19.552227	77.370881	0.881802	-70.415407	7.719487	-56.987376	-6.416939	4.009908	-22.491704	17.660484	12.430208	-2.438063	-2.235934	-0.237253	
1.007629	-2.137556	-26.153058	32.080509	19.940390	-63.438593	-21.293249	-37.124824	69.554607	-1.132155	122.211375	-5.505680	-5.515202	-88.665342	106.012961	-2.258440	-59.368116	-63.443336	49.336501	-47.986342	-16.523063	-65.845355	5.258760	9.365689	-4.697496	43.495620	38.869052	-9.969453	11.598441	0.164506	-0.036858	-1.743334	
-0.189492	2.564040	-11.012692	-23.134496	34.769704	-58.941434	-15.444106	-32.257173	76.781892	-53.529339	-47.744142	55.328480	-9.942571	-101.368436	-75.536704	-8.236555	18.052132	-69.956484	-24.544282	-60.116617	-13.884684	68.423411	12.201184	-12.150786	-3.525743	-5.098084	13.158864	-3.449840	-0.412559	-3.565586	-0.985656	-0.702095	
-4.806263	1.054671	-4.613891	-24.811087	-18.428670	-37.814555	39.672984	-80.817737	-33.605569	-14.745785	-120.969730	-65.207180	141.323998	43.649451	4.272138	-126.494154	77.100232	6.136056	-45.156415	-44.221543	10.082976	-4.207382	-45.012277	14.464603	6.072536	-26.266563	11.684131	2.986575	-6.853315	-6.810502	-1.519672	0.322863	
-0.396770	-1.268937	17.605212	-3.289191	40.849109	-71.250677	30.095702	-37.634933	-47.837089	85.180409	12.960316	-91.179048	6.932894	-44.044762	82.757910	-91.128687	45.492301	5.391065	-16.688158	20.688595	9.643551	9.938067	-3.952986	68.836292	28.732882	-12.900761	3.621436	11.315931	13.923044	-0.947678	-2.760304	0.012242	
0.237197	-5.234418	-22.588537	-31.003850	25.262322	-38.491524	-53.308754	33.906154	-48.580878	-6.280083	12.530416	-2.472204	-43.424023	-50.182449	-1.864061	-19.009067	-107.670744	38.104601	-8.182984	34.361765	2.276547	-20.151768	-25.554033	-10.437507	27.880874	-17.451416	3.057164	8.232080	5.145183	4.141275	-0.043283	-1.026117	
1.561220	-8.163852	-9.583959	-27.957374	21.505602	9.964804	-20.450718	21.506115	24.416952	-31.486180	-46.343466	12.394028	15.818768	-31.895383	9.754260	34.186319	-3.115237	59.524357	-58.075417	-33.199407	-23.674364	-65.485152	-17.211929	-68.915771	-14.628149	-23.647324	2.666448	-24.160360	-2.005925	-2.856221	-2.176917	-0.834210	
-0.755628	-3.071561	-4.045909	-5.527288	0.863195	3.821848	-35.478319	-12.742283	-13.588969	8.760600	-53.384970	40.220508	41.210798	-13.867545	-4.120200	20.651609	6.723034	1.346072	-32.221272	35.173274	-15.190990	-11.869035	17.074596	8.461596	-14.890453	-1.209339	-13.484276	0.116276	-1.985882	1.577629	-2.711540	0.768233	
-0.518187	-0.471974	1.122597	-0.385376	1.692731	-18.178522	5.745130	-25.398329	44.842513	26.103118	18.329070	5.631196	-12.527682	-54.537368	8.711510	3.462124	-19.595411	14.973478	-22.834323	19.828787	14.873527	-4.888415	48.703422	-8.012127	6.768307	-3.039183	7.722225	1.525340	1.134240	-2.392855	-1.346489	-0.325935	
-0.433658	-3.700076	-7.194512	-2.259242	-1.836564	-20.192372	-12.735056	-7.612427	4.710261	2.230345	-6.063815	-22.208067	-0.177937	26.023453	25.613073	8.633003	-33.249819	26.338454	26.300777	0.928627	7.546017	-15.968593	-10.352256	-24.967577	-7.721383	6.962204	-4.273256	-1.838755	-0.965264	0.423113	0.069513	-0.566172	
0.908947	-2.594710	-7.554517	-9.382885	-5.499203	-8.997115	-5.038748	-9.404541	-14.844740	-15.679059	-8.412539	-4.234532	0.921654	24.599672	13.666318	-13.526300	-0.885489	1.560479	30.867731	-21.018445	-9.044303	-13.762199	-7.032876	-13.258985	-7.791827	1.584750	1.501770	-4.527390	2.419010	0.186676	0.280058	-0.277324	
0.038704	-0.270897	0.923887	-1.903043	0.229779	-0.479866	1.152290	-14.423432	-7.412544	-5.486942	-0.327317	-3.755018	-16.945425	-15.076981	-19.410771	-9.299121	-5.750696	-9.019730	-8.339861	-8.909306	-4.532806	6.374330	4.336764	-3.393907	-4.436979	-0.438286	3.644408	0.668537	-1.028043	0.836274	0.215073	0.031126	
0.228807	0.186627	1.167800	0.641422	3.828082	0.597787	3.713141	-2.441270	3.186214	-2.320583	-0.248801	1.038046	-0.678337	-0.615445	0.791656	1.741422	0.917218	-0.559281	2.550625	0.226209	2.302214	0.805541	2.757798	-0.583310	0.445179	-0.841355	1.438659	0.702876	0.320605	0.341873	0.057899	-0.037462	
-0.044029	-0.025834	0.011111	-0.017278	-0.184073	-0.701065	-0.139637	1.030748	0.539736	-0.957115	-1.884048	-0.758030	-0.464716	-0.244079	0.405595	0.166659	-0.116978	-0.488579	0.348207	-0.282116	-0.037244	-1.268641	0.248435	-0.122212	-0.306626	-0.504808	-0.107890	0.348876	-0.053012	-0.011916	-0.046039	-0.070961	

-1.011755	-1.339407	0.981137	-0.341628	-1.293578	-1.576927	0.539043	3.508354	-2.361086	-1.223340	-0.463279	3.019757	-3.669954	0.792507	1.566823	5.623463	-1.615792	1.501058	-0.521768	2.048403	-1.192459	3.485593	0.496314	2.752536	0.124064	0.121974	-0.664149	1.815276	-0.117236	-0.006154	0.193582	0.061189	
-2.090073	0.138456	-3.196414	-2.145529	-6.053038	-7.261405	-6.816921	-6.395290	-10.818504	-14.296782	-9.668370	-6.612412	-3.173383	-13.386613	-1.927354	-11.619400	-2.528701	-9.429774	-16.354278	-12.997577	-6.279049	-4.807160	-10.528722	-7.779068	-1.675137	-3.940907	2.685679	-0.352838	-0.234413	-0.155119	0.661834	-0.087081	
0.640048	0.617640	-6.625462	2.633842	5.856336	-0.556321	5.202123	6.178135	-6.988848	8.389109	12.676297	0.166778	13.506077	10.237418	6.780500	14.484896	20.505971	4.576148	0.886221	19.676488	4.188954	15.519280	2.540970	9.792352	7.047615	4.504862	1.857905	-0.641498	3.219062	2.375790	0.208431	-0.284249	
-2.584731	-6.175166	-9.690593	4.392848	-10.587408	-29.462843	-12.404498	-14.005311	-17.352930	-16.158905	7.324980	-14.743366	-15.301466	-31.636465	-7.758196	-3.761042	-13.806141	-28.853198	-22.853599	18.867012	-32.348081	-6.036768	-10.790402	-19.902067	-12.140362	-4.502307	1.722163	-7.096872	-2.257258	-0.390008	0.101036	-0.598303	
1.669781	-14.624260	15.999089	27.592012	-3.624131	18.682714	31.289260	2.756512	6.255967	-14.512746	47.855515	13.941530	11.337157	5.385150	55.333853	18.605953	3.228650	15.326990	29.537229	37.444444	-42.836036	18.069594	31.519667	10.824841	23.225800	1.338592	8.224609	7.379777	-7.119795	1.679899	2.328413	-0.812474	
0.680211	-11.637901	5.571399	11.658617	-30.561400	-19.924287	-7.341193	-17.215228	-52.117309	-22.932900	20.085393	0.774700	17.258964	-36.877280	19.230317	-4.382630	-18.047372	-54.082653	18.705772	12.038166	-13.445651	-44.763254	21.689136	-15.171462	8.083134	-17.026830	30.628418	15.907145	-1.766123	5.862464	-0.546783	-1.242104	
3.184522	-9.774257	-0.857120	19.212397	0.921585	13.453037	91.320208	51.568725	26.794690	81.842559	105.766463	0.243937	50.558302	-16.306176	13.424168	41.860227	11.944742	-29.831461	119.633929	39.452252	80.225053	9.845306	74.940542	50.866792	35.078280	-13.324404	32.321200	-11.042003	-4.420231	11.524348	-2.415216	-0.266935	
-5.192210	-3.418355	20.933561	18.139523	-36.208318	-59.425394	61.676858	-1.584969	-34.668036	-21.540060	-40.954883	-16.656105	82.350605	16.741440	47.310857	-65.275471	4.132715	-128.968984	17.736141	-57.774403	-26.575953	-31.589525	9.991095	-20.507727	-22.374242	-20.857379	0.203266	-14.613184	11.955927	9.046045	-1.506860	-0.571896	
-8.201333	-47.198401	30.057115	0.850659	-7.160398	-13.535570	50.048298	-11.051295	35.671536	-14.301464	-34.097314	28.145485	23.241994	-23.794445	78.454802	6.539445	53.299728	2.471555	42.341084	7.834182	-17.557975	-36.990806	91.300331	21.594378	38.238532	33.170818	4.919729	30.682805	29.354785	3.285262	-0.387200	2.149582	
2.572836	-17.597546	-3.810737	-9.574544	48.690523	-31.379477	-6.677577	3.381718	66.199785	-4.737649	24.897823	110.784929	-1.292330	-53.259877	-14.725927	-58.035443	-19.928203	-42.568401	29.084836	-96.173603	13.609789	-25.188447	56.204667	-40.588196	-3.063252	-26.162193	-24.555276	5.986625	-4.548962	-12.301760	-2.995145	0.444034	
0.523794	0.854457	-1.681477	8.123646	58.633543	0.302160	35.969354	69.061037	53.406446	-19.687316	26.022414	63.079024	-24.604612	-22.335855	-1.143696	41.355106	-7.757285	-20.674213	5.999913	-36.892818	70.081663	-20.982523	6.710078	36.662929	58.916474	-10.587641	11.888451	21.668964	-3.032593	2.267156	5.578615	1.573931	
-11.730890	-23.354198	17.948009	-16.065785	-44.514492	-9.578814	-38.474714	-62.665368	11.486549	-116.846977	69.129336	8.743803	-33.606715	48.847636	29.045698	113.659273	-42.883324	138.623858	18.164037	-33.660172	54.875671	-68.069171	-45.247380	9.832184	0.869349	-21.167980	7.273216	2.899463	-4.396249	-0.650069	4.856795	0.701066	
-0.641124	-17.490321	26.311131	36.594838	-24.471279	63.413064	11.765957	-20.023809	70.545640	-22.688460	-16.698947	43.162757	-4.454517	73.548481	5.560102	60.821669	-130.672615	-9.083418	-3.996512	-45.349586	27.132329	86.276588	35.838012	128.958464	87.798072	4.369064	25.300963	-0.820281	-8.233579	-5.179634	1.360884	-0.704842	
-1.131948	-19.116745	0.216305	5.416387	-56.375362	2.964098	15.876613	-58.403749	11.480150	-55.408337	-7.773741	-66.790667	33.296122	-0.930301	3.210299	70.810729	-25.045049	45.569042	49.247873	-51.881682	-1.368992	61.299230	-51.018178	-8.218461	-2.508069	-79.096735	-8.147090	8.088610	10.051687	8.202394	1.625541	0.389663	
-6.118417	-3.060950	24.714751	34.819933	13.665125	-0.884230	85.233080	-32.081332	24.251903	31.185127	-24.679111	41.730105	131.165103	-20.043546	-3.412100	72.125210	-24.037502	7.859535	-43.431860	53.806093	98.947818	-9.678361	91.796064	48.716694	16.677236	41.014068	8.865254	0.980948	8.468115	-3.175512	-3.666158	2.818279	
-0.422944	-0.228045	-18.626735	-34.348718	66.027681	-40.965838	-25.036155	15.944116	34.176980	-38.075822	-46.629159	-68.969183	103.810371	-20.730425	19.200489	-36.803381	-36.250466	-35.871252	-13.522970	-4.084937	121.502725	-84.108472	135.776007	-14.565006	-21.790310	14.431272	-5.370400	-12.462002	-5.561264	-3.762524	-6.157727	2.102350	
-6.254738	-0.241402	-5.928347	-28.257421	91.955631	44.671046	-28.321238	13.284504	85.950957	-71.078850	123.769561	-50.101484	-29.138273	-0.895284	24.759964	66.284072	48.751451	-2.272884	21.125844	-22.805518	95.817929	18.184478	44.276457	20.618197	40.240419	-20.306646	4.416462	-13.768383	-10.118442	2.099826	-1.181241	-1.541216	
-1.692991	-15.527283	11.604080	-0.780705	-24.710384	-31.496897	2.589432	-41.831840	53.916334	-124.064195	-42.807763	-55.676051	67.826655	14.908835	46.048059	44.975086	25.392040	-52.058379	-8.429611	-25.254959	-22.311673	-62.916514	65.267237	-31.787815	49.836169	-25.409936	0.998657	12.246000	9.567729	-2.124629	4.084924	0.097257	
-0.655276	-6.102733	1.070854	54.727259	-3.564518	6.701840	99.562616	-59.076096	-33.836315	-11.319040	54.320973	60.868626	-12.223380	43.610428	112.089952	30.909013	132.265810	3.664587	36.894953	62.723499	71.461558	28.899681	135.762763	-38.381337	-17.677321	-19.695105	-8.637686	10.852183	15.869807	-9.486270	0.940102	0.416967	
-2.547123	-20.167990	-32.986733	31.064389	15.086414	-54.244231	41.850016	-12.621362	108.729356	-25.938545	67.588107	-32.663851	-55.006360	-119.649143	49.231792	-13.365844	-2.788518	-33.090995	37.957525	-50.225942	-23.245707	-37.145828	39.253696	-33.694248	-5.896062	8.558714	-10.672356	-14.525636	1.855899	-1.456127	1.301954	-0.801551	
-0.566011	8.918234	-19.144324	22.023893	44.892904	-41.741028	27.379283	15.846665	148.974973	-30.340213	13.499215	18.179691	38.354122	-131.857708	-4.602189	52.941259	28.123789	-14.570934	67.674337	-20.212328	40.995857	56.227469	22.707203	-8.702241	92.716573	-5.037797	-2.777218	6.052769	2.097926	-1.153026	2.132679	-0.239764	
-8.214086	-11.766681	-2.605945	-37.378735	-13.031735	-30.202689	39.598206	-16.538215	41.088377	21.542401	-49.688419	42.714136	165.043256	18.315486	-6.795333	-66.950068	95.232113	10.158745	33.857864	44.665806	78.829649	-6.720590	-71.784606	29.968204	37.949800	-32.527113	-20.038685	4.634962	-2.981458	-2.123391	1.626598	1.343421	
-1.637501	7.317414	21.523738	20.586587	57.431528	-17.106415	94.404953	6.574738	-5.612855	116.732103	21.032927	-8.789350	7.309971	-68.761649	43.359592	-38.424679	92.558026	-5.392732	18.669785	46.818810	109.931525	-0.973783	12.819981	124.130322	74.670956	1.378148	-0.523556	1.510061	13.168915	-5.218518	-1.285575	1.191108	
-2.621692	-7.082430	-19.445057	-41.082958	38.342393	-44.895290	-11.016137	42.064793	-35.741745	27.887995	38.484870	58.213569	19.687265	-15.085249	68.931780	-11.389696	6.311717	2.850421	-22.248802	28.505343	85.595013	-25.078878	-22.218242	15.390847	20.362940	-10.468903	4.984816	-6.192146	-2.794501	-3.550648	-2.877538	-0.352497	
0.128422	1.902578	11.434511	-16.569052	46.426189	21.046850	-17.592323	58.823480	40.408466	-7.102380	-36.837564	22.350123	82.837803	-13.099364	22.928821	38.701724	63.190440	85.606127	-82.627550	55.635521	91.103994	-27.095703	35.618708	-38.539644	21.389602	6.705103	17.071665	-20.728179	5.762993	-3.958466	-1.865298	-0.106011	
-3.188838	-2.966318	6.023345	-6.170094	21.420650	-16.751125	-39.691751	-4.283084	16.251945	-9.405558	-53.894938	45.347678	31.841770	-87.678014	-18.089699	17.644128	10.903956	-30.311108	-29.097819	44.051964	7.143582	-12.520051	24.377966	6.627196	-12.413243	4.707683	-15.805423	-0.826873	2.878874	3.104604	-1.605424	0.092400	
-1.785196	0.371900	5.273111	5.683747	8.403611	16.362055	19.586312	11.310659	50.542081	24.708199	6.904505	24.915776	-9.133576	-58.963357	47.704030	12.370823	-7.813775	34.623504	-26.797965	38.859222	14.804937	26.583324	66.119188	7.280645	15.655488	13.301125	14.098609	4.169542	0.238696	-1.658464	-0.180069	-0.353638	
-1.799188	-3.335429	0.519957	5.748305	4.722340	-10.885913	10.071441	4.035511	12.739788	5.162404	-2.304434	-11.497075	6.446067	16.280627	46.959892	16.199725	-18.511710	38.652300	16.781787	1.268386	-0.735876	0.839230	7.915028	-27.514402	-3.342820	7.867400	-11.598667	-6.541335	-5.552179	-3.320811	-0.926542	-0.259032	
1.013367	0.403957	-1.562567	-0.280838	-0.659725	3.979252	8.572531	1.180764	-6.738701	-7.591118	-2.642688	-4.689562	0.820376	18.925562	1.120037	-10.337151	-1.901150	14.500389	22.419109	-15.007838	-3.129311	-5.926305	0.362876	-12.107517	1.130520	-0.885878	-3.770932	-2.109197	0.760606	-3.733317	-1.030118	0.154249	
-0.235588	-0.375127	0.698882	-0.937388	-1.749988	-1.419850	1.306963	-11.868845	0.024375	-3.053603	-1.382411	-1.047905	-11.988730	-5.200455	-17.838924	-6.110787	3.390263	-8.121982	-4.336688	-6.752187	-0.789998	3.978798	1.483390	-5.013557	-3.108793	-2.029176	-2.320051	-1.612696	-0.957824	-0.676173	-0.055846	0.258762	
-0.012746	0.102247	0.062225	-0.290757	1.669375	-1.325563	0.670437	-6.354042	2.720601	-4.284693	-3.228290	0.712796	-0.352438	-0.554242	0.050320	1.764885	0.182057	-1.111272	1.015136	-0.985220	0.970726	-1.279577	-0.968344	-2.269008	-0.498984	-3.397601	-1.275306	-1.691545	-0.171469	0.101551	0.024663	-0.032662	
-0.012985	-0.040743	0.037872	-0.178768	0.171701	-1.138808	0.607387	-0.343746	1.789017	-0.238550	-0.791948	-0.337299	0.078765	0.206743	0.187350	0.631025	0.762929	0.117815	0.199729	0.255679	0.734886	-0.274274	0.324554	-0.012211	0.208885	-0.964109	0.053894	0.145243	-0.250200	-0.059657	0.043103	-0.123666	

-0.523053	-1.265620	0.691177	0.222318	-3.125778	-1.665390	-0.886682	2.993748	0.021575	0.363608	0.112957	1.946135	-0.097783	-0.478825	-0.005521	1.565570	2.227446	-3.250400	-1.037832	2.320396	-0.092969	0.319108	-1.146346	0.315330	1.803786	-1.263655	1.127070	-0.638151	-0.480575	-0.078161	0.145164	-0.060577	
-0.964542	0.524038	1.293984	1.292319	-1.274784	-5.238168	-0.220390	-1.416150	-5.327132	-7.938443	-3.640911	-6.567413	-0.008921	-10.904676	-1.851403	-12.951982	-3.614334	-7.646650	-7.941150	-10.017308	-6.674693	-5.770695	-7.081023	-9.701864	-8.966664	-4.762403	0.049169	1.702073	-0.322760	0.176174	-0.073654	-0.013326	
0.817014	3.364867	-1.094970	-0.249424	-0.184620	-0.738876	3.979406	-6.008411	-13.338443	-5.111825	1.294599	-12.094898	-2.417675	-5.263713	-4.866177	-0.694786	5.758920	-7.720063	-1.448836	4.592683	-7.607747	0.485683	-2.979620	-3.901944	-1.204644	0.039789	0.718307	-0.466007	2.953360	2.474488	-0.059049	0.022167	
1.201847	1.373610	-0.531226	7.045768	-8.267991	-11.879377	0.966964	-15.830075	-15.754828	-11.690587	-0.648159	-3.676639	-6.406464	-18.508689	-4.401598	1.021466	-10.342355	-17.914106	-2.813541	10.087913	-20.517606	1.056929	3.061361	-13.023441	-6.218002	-0.520531	1.907809	-4.402646	-4.461852	2.213848	-1.229564	-0.459345	
1.193810	-8.397367	5.562479	12.981584	-23.410213	15.006863	21.948142	-8.783982	-4.525155	9.819742	18.861847	-2.356164	19.766890	-0.663534	41.237842	1.722151	-0.869540	-17.755615	39.245699	2.569473	-9.568954	9.254513	34.787515	-3.030110	25.089593	3.468306	8.996072	4.546917	-6.098069	-0.015283	-0.370004	-0.065816	
-0.358933	-10.725355	6.380395	-1.269224	-28.849020	-9.833592	9.524752	-34.792459	-11.229299	-32.872517	-33.845357	-28.993938	-3.483637	-47.380005	-21.878100	-10.100272	-2.108379	-67.488560	22.349413	-36.223236	-6.508819	-60.761892	13.705088	-30.645301	-3.624429	-17.482587	10.806443	7.208174	2.731612	5.773428	-2.160651	-0.794890	
2.651463	1.662784	-10.866106	-10.943130	-3.614547	0.205410	60.851427	0.347755	5.118176	48.100629	24.374546	-32.412690	11.889191	-2.759231	4.422902	14.817136	64.357726	-42.847553	73.475434	-32.863884	22.849949	-31.066520	30.165086	18.601343	1.717481	-5.803340	20.196005	-3.692249	-5.094917	4.459797	-0.330383	0.360899	
-1.504440	2.630656	23.910667	-15.108192	-20.837691	-69.798171	27.980941	-62.899308	-48.332022	-26.958313	-42.620162	-1.562021	22.352537	38.572841	53.505811	-60.524386	12.841488	-70.220772	-4.417230	-35.761924	-42.209148	-33.751229	-40.962495	-23.729158	-43.022434	5.450537	-8.883512	-22.515410	-6.119565	1.534036	-1.191384	1.226379	
-5.327957	-19.375440	23.021574	-14.374262	-12.443446	-33.586736	-14.546738	-16.561228	36.925615	-26.317703	44.591217	19.912612	-51.496871	-112.652782	18.525719	-39.933382	17.889412	-8.929274	26.457705	3.390467	11.041612	-44.046726	31.675623	13.260168	5.634344	23.621692	-1.457910	16.821999	20.659836	-5.487334	-0.835706	1.845814	
0.307012	-8.095341	-10.824095	-26.916377	44.552943	-25.295416	-41.542666	-8.578375	-3.151860	-58.505970	-37.418458	-4.626993	-104.996612	-83.934540	-59.220738	-71.266442	-66.000110	-30.019288	3.593180	-18.982904	30.562686	9.058254	32.402832	-5.468311	-16.456349	-9.374366	-19.093944	6.777327	-4.774143	-1.562941	-1.114420	0.153929	
0.389097	2.702424	-24.064514	-34.659569	9.910196	-26.727842	-28.207479	-1.868909	-22.838641	-127.462016	-13.804647	-58.760441	-77.998232	-20.492903	-7.852650	39.195379	32.014233	1.578605	-32.218792	-41.498543	82.358695	-31.515903	-72.459888	-0.788785	9.609623	-29.703978	-22.068037	0.793895	-6.341778	3.226205	4.292790	-0.310144	
-5.652516	-12.557283	17.969111	-7.973310	-67.974403	-4.596072	-17.748864	-27.334264	25.654302	-128.101137	-10.488323	-25.025221	-60.229076	31.453878	43.360693	44.994678	-43.139197	44.035504	-61.314667	-26.713347	16.979040	-77.943123	-70.441395	-16.439841	-76.905895	-35.173656	-12.956611	1.123693	-11.105501	3.981000	4.004433	0.804926	
-0.300404	-13.923700	10.149507	7.457514	-39.736268	56.853694	-12.883730	27.323292	101.713525	-58.689933	-22.074460	11.462050	-47.937078	-84.510517	-14.882233	-38.223301	-40.044575	-31.380099	-27.884431	7.580097	-22.534829	-8.420807	-25.406703	64.517494	6.714599	-7.916378	35.172280	5.544194	-2.941401	-1.257831	1.386752	0.623915	
3.015343	-17.421899	-20.844596	-10.442630	-53.813563	-10.704397	-5.601874	-50.948071	-5.490576	-23.158639	5.119611	-54.054419	-5.607944	-95.277992	-17.895625	27.075099	-2.289457	22.549852	49.990986	-66.115294	-143.627807	-42.990765	-53.728565	-17.725546	17.466237	-18.628115	-25.376209	-0.833920	0.533221	2.794220	-3.367807	2.040479	
-6.864092	2.885746	1.007190	-8.863539	-17.865180	-50.868611	6.071204	-35.916221	3.401173	-46.312526	-9.014602	-13.500551	66.388049	-76.132241	-17.396417	5.616748	28.895314	-96.019471	-64.512495	22.064610	-6.851733	-121.849337	30.900977	22.565979	-6.933314	-0.181331	-11.451904	-18.319481	10.233575	1.835751	-6.584953	2.349135	
3.276013	9.170399	-6.113517	-31.125868	49.692240	-30.655126	-12.784660	42.278398	-17.567868	-92.718957	-75.841339	-75.612390	47.204322	-31.889741	-33.831179	-97.406032	-35.408092	-78.290227	-7.615560	13.864309	57.223573	-119.836082	50.992060	-21.685424	-38.691132	-21.708205	8.912449	11.569247	1.074595	7.204734	-1.103945	-0.928903	
0.665496	8.118768	-15.350196	-31.102562	59.542954	13.666179	-57.950451	33.316825	52.807646	-91.138552	67.854217	-56.408183	-82.210803	-17.440325	43.159194	9.296865	14.109381	-11.463367	-18.145224	-20.371121	-7.466830	-51.815532	-39.860556	-84.968405	8.597256	-29.949132	18.533808	14.642604	-9.371034	3.389223	3.952724	-1.948115	
-2.907151	-6.873050	2.846598	-28.497291	-69.770018	-34.852422	-0.499048	-57.992295	26.900346	-44.094508	-16.247234	-64.797302	-18.888050	-8.177458	-13.394289	-55.347382	-5.393621	-65.611141	-28.364055	-12.580395	-58.703995	-92.901471	-31.420594	-62.110198	61.715303	9.293795	1.628490	-0.305328	0.061987	-8.905822	1.907986	0.024083	
-1.136655	0.989000	-25.843015	19.815168	-48.793577	-37.277105	69.547858	-71.716169	-92.201943	-34.461233	47.436463	-81.797538	-16.494193	22.493488	8.163794	-114.897863	10.348291	-44.699768	-15.578192	-4.724611	-1.900250	-24.436959	47.733656	-24.327245	11.426328	-15.151993	-13.548386	4.092291	11.284070	-8.891236	-0.431927	-0.275566	
7.289737	-4.416369	-23.860635	14.682096	28.606271	-54.341849	36.423662	-25.580185	40.635787	-71.756205	27.753350	-29.636575	-63.736178	-82.676305	22.618640	-66.882895	-82.168897	-79.964231	-48.105687	-87.806991	-24.652203	-27.975934	31.882225	-4.264911	13.989228	-0.986042	-2.954243	-1.307898	5.860993	5.926505	0.724735	-0.565204	
4.648442	5.793267	-8.588935	-8.166334	51.501751	-32.018727	-6.364381	-29.260399	48.016602	-66.867248	-49.761563	-13.067573	64.471411	-152.072477	-1.395583	46.419771	-0.989359	-49.267958	2.529150	-41.866286	12.343553	88.762263	-16.983084	-63.550586	30.918722	-33.636216	-5.997252	9.013128	-2.829832	2.415427	3.821122	1.187613	
-3.067193	-7.245077	-1.013462	-47.228217	-20.473235	-71.329531	42.831676	-54.995772	-38.242650	-25.027296	-118.067848	-32.610394	52.056528	12.805187	-53.758819	-67.009756	92.356723	66.375893	12.885183	51.467834	27.243302	-90.604015	-116.779582	-20.832139	-44.386632	-37.588573	-15.738161	-0.134249	-1.170414	-4.670700	-3.162915	0.641590	
-4.305067	-4.549240	5.269773	5.394277	25.756443	-25.417708	38.458179	-4.631190	-29.303564	47.855208	-47.454830	-22.335989	-44.870257	-55.717038	28.323165	-29.662794	53.597965	-36.778604	-51.872254	-26.591565	-12.535100	-97.901505	-79.579014	64.817449	5.214759	-17.783401	12.044725	2.668939	12.033841	-1.949798	-2.677947	0.055974	
1.743790	-4.557669	-18.440151	-30.399961	23.454258	-37.331954	-38.755820	10.023503	-59.306734	-39.482217	21.819619	54.294650	-0.080589	-25.762270	46.535994	-59.512631	-89.955667	-58.520777	-66.457326	-21.677903	8.771070	-42.980881	-4.058224	15.757234	36.091630	-13.038476	13.187644	2.545320	0.173279	1.397517	-0.588497	1.111315	
0.900014	-1.814556	-3.007120	-20.684663	16.818000	-6.247138	-36.562861	5.920380	9.876846	-29.527293	-47.375856	-6.287908	15.381505	-54.962722	-26.765902	-25.758049	-20.089639	5.707826	-98.813711	29.695572	-7.993014	-24.326383	39.308051	-44.499497	7.395308	7.571002	18.732176	-3.129709	5.822056	3.676674	0.329576	0.921692	
-1.994108	-5.239804	0.537925	-8.300728	-9.136613	-31.112553	-44.349620	-20.501927	-20.325069	-30.362542	-89.845996	19.241026	5.308348	-86.218656	-6.002079	-7.547337	-15.348271	-23.318080	-59.902151	55.823841	-27.530893	-68.505108	-10.222959	-31.889323	-14.274710	-14.196427	-12.778959	0.830865	6.782766	3.727025	0.116579	0.259208	
-2.382331	0.847146	0.623912	-2.012020	-15.688186	-11.660119	-9.597097	-26.691822	-1.553881	-11.475460	-27.200114	30.702775	-30.766271	-61.070004	-18.430168	-11.567226	-33.733428	-9.370685	-51.567708	0.096328	-3.656994	-21.109031	16.550763	2.910485	-4.166545	17.019231	4.370873	11.399731	1.740294	1.387407	-1.079291	-0.585615	
-0.873674	-1.806121	0.596839	-2.391513	2.300204	-11.830432	-4.645556	-6.523923	-1.464341	-3.385142	5.968675	-13.477247	-6.196157	-7.327402	-0.572546	-12.844948	-47.754998	-4.389055	-14.159214	-39.916375	-1.370629	0.148925	0.464604	-15.866157	9.215189	1.581651	0.000860	2.300387	1.572090	-0.556078	0.236349	-0.449970	
0.945224	1.775767	-1.450337	-1.741458	0.634726	-0.440600	4.843276	-0.487216	-14.895793	-2.464212	2.876470	2.246415	3.625047	21.389033	-0.102733	-9.236283	-4.376679	-6.199245	17.580805	-10.709866	-9.808073	0.062043	-0.997310	-5.578095	0.245055	-1.219439	1.169486	3.314755	2.024467	0.251954	-0.308252	0.280944	
-0.134614	-0.281857	0.205471	-0.236891	-3.063394	-0.755170	0.775632	-8.376791	0.598338	-1.725818	-2.727709	0.896330	-6.112146	-1.007277	-8.054078	-1.605174	3.113515	-10.230128	-0.698305	-1.314811	-0.305004	2.233065	-2.297656	-3.191211	-0.490898	0.708300	2.688502	0.580733	-0.421740	-0.319757	0.564919	0.198187	
-0.063015	-0.179374	-0.183483	-0.752470	1.256213	-2.298114	-1.116138	-3.997361	1.592198	-4.043829	-4.546032	-0.194271	-1.310204	-1.010946	-1.070717	0.220415	-1.176682	-2.576352	-0.246421	-1.012405	0.677494	-1.303697	-0.721457	-1.439211	0.398951	0.134613	-0.268279	0.288650	-0.012154	0.096126	0.334597	-0.032725	
0.016564	0.010911	0.126430	-0.040804	0.064833	-0.853387	0.210485	-0.549421	-0.179907	-0.895906	-0.288699	0.037079	0.108347	-0.242132	0.309887	0.254554	-0.225042	-0.065046	-0.043371	0.228694	0.168670	-0.813860	0.558695	0.119173	0.704701	-0.345765	-0.364895	-0.065030	-0.049682	0.117049	0.067428	-0.015622	

