-0.833659	0.679484	0.131029	2.459625	-1.994430	7.260980	3.522790	5.084817	1.903642	2.505337	2.283972	4.230498	-2.999690	1.092929	1.888591	3.082953	-1.204033	5.724231	-0.794592	3.278846	0.182592	1.835143	2.182255	1.206359	0.575918	0.280692	0.253012	-0.618333	0.106073	0.207313	0.158793	0.040319	
0.272726	3.665124	-1.111722	0.851607	0.167067	9.478288	16.125336	-1.515660	11.603938	7.638198	12.767416	2.646735	12.072129	7.405921	7.561208	1.639639	5.861982	-1.979232	13.633563	0.068038	13.005197	8.012261	5.389970	-6.026708	5.138488	-1.055172	3.914639	-0.556550	-0.275586	0.025210	0.419014	0.204986	
-0.810065	3.794469	-4.169384	-0.501718	6.379371	1.437740	6.399228	-12.112921	-17.117319	-0.931186	3.097258	8.273378	29.070680	22.144255	19.222982	13.061259	20.237566	7.206580	-1.183071	-4.750493	-2.183078	14.330915	7.915704	4.779544	3.181064	7.764459	2.825379	1.418896	0.172728	-0.645030	-0.429764	-0.072102	
-1.300946	0.835277	6.947644	-0.549894	3.408620	-10.828072	-5.873753	8.839186	-8.985130	-7.850042	-18.316248	-16.867744	-8.394719	-32.060259	-19.164890	-12.908825	-39.463190	18.954343	3.719922	8.842425	-23.938525	-24.658380	-20.772786	2.710043	-3.887072	-1.085089	-0.001929	-12.374312	0.243733	0.306107	-1.047692	-0.441454	
-4.076633	-2.005458	19.723819	-8.909261	-21.792774	-9.143216	-26.345034	-3.137782	39.484708	2.975574	29.986908	-6.175498	-8.220783	26.751182	-5.005228	26.837290	19.067417	25.683307	5.812590	29.836554	17.099912	-14.547445	-6.127280	1.792512	9.938850	-18.782055	6.873800	-11.998756	-3.339964	2.033287	-0.633036	-0.436122	
-2.352141	-2.545747	2.735429	-2.124283	-22.289737	0.171319	-18.170819	24.098489	73.355585	-19.408267	-10.891819	4.726151	36.791872	37.983788	2.024376	-19.178332	39.894463	5.791636	-49.925546	-35.398462	24.003627	-13.464525	17.669859	-13.892999	19.954789	-15.433641	-7.554451	-1.064771	-3.660028	-1.110529	-0.237114	-0.674188	
-0.205265	-2.580206	10.051421	-16.427274	14.073099	22.426580	32.760905	3.617446	31.431785	-74.966481	-93.807189	-21.163019	-33.662531	-37.136515	-45.207813	-70.419965	-55.904261	-18.131730	25.623079	-45.516004	-14.114332	-12.734200	20.477684	20.851310	23.867080	27.973863	-26.890638	8.525225	1.987725	-9.066179	0.195573	1.106904	
1.018816	-8.316174	19.593743	-23.581726	-48.920168	21.545501	-1.957626	-50.196870	26.957143	-93.157963	12.380172	33.913732	-41.146712	-23.225241	21.035560	-36.000488	62.896286	-43.038730	41.266116	29.239388	-115.081179	-19.548314	-11.146670	-37.520276	-23.250500	-15.243464	8.449031	1.740398	-6.514081	-3.257486	-0.012354	-0.090303	
-6.389118	-8.427827	50.589315	-36.594709	22.137665	42.476767	59.744994	-37.612948	72.998138	-156.445544	-16.810815	66.237259	-28.180722	-67.849617	132.891737	-57.395321	67.252547	-82.915861	-14.186501	127.567164	-60.732272	-6.706114	82.910355	-28.233568	-18.138219	-20.175597	29.681303	15.698096	-1.787439	10.374890	0.606831	-0.666139	
-1.282724	2.346748	1.803032	-49.611422	-11.580501	50.003318	-94.791614	-141.848826	40.408247	-54.916023	-48.563752	96.216266	-65.905558	4.658769	2.077735	-62.079208	14.230490	-6.456426	-22.875109	101.227281	2.133410	-96.548409	71.426497	-27.873457	57.074130	-15.394665	-0.718287	2.696562	5.018257	3.348383	0.408499	-0.798890	
-0.779906	-3.939084	13.086401	-22.521123	-27.944881	5.941706	-40.788811	-74.275567	-7.343858	10.248700	-37.293350	35.756623	7.392021	-64.637864	37.838606	-76.566242	41.282142	-66.319591	7.210028	-19.583860	54.368777	-132.071652	59.818415	13.630766	-0.099378	37.305526	-8.303071	-0.539235	-0.312959	-4.878286	-0.699535	0.031544	
-3.171368	-3.901650	19.881106	0.586127	-33.066426	-54.544621	-20.191131	-9.318462	28.092925	91.108210	-1.141621	-52.221189	36.499051	-6.928263	13.201393	-3.982578	-23.403633	-12.341949	0.340630	-106.358046	66.894685	15.915267	-59.055920	-30.726887	-56.500333	2.184710	15.393383	-29.588041	-0.405530	-0.217772	1.198073	0.765359	
-6.409111	2.957351	24.567666	-23.539382	-9.505050	16.031927	8.139909	-11.448224	-26.693536	55.393056	19.484426	-88.120021	-15.995526	-89.294077	39.010569	48.146935	8.654656	-50.978102	80.821470	-119.298794	60.347508	110.584498	-8.811611	12.144516	20.674793	-31.402400	13.266746	14.147215	-4.487845	-2.179990	-1.218008	-0.161016	
-4.879533	-0.116372	-11.781233	-14.576430	-14.996908	66.915382	9.650749	-11.501423	13.520219	-38.393776	-40.037334	-55.000932	44.789604	-5.093539	-22.027607	40.825315	4.196294	-3.563357	70.539731	-6.348920	29.253006	32.668203	-103.051850	-0.355754	58.141521	-11.684197	-21.075736	-11.153579	3.496926	-6.448655	0.469307	-0.739657	
-1.906501	15.701701	29.756905	28.630194	10.553204	-23.995596	-60.339880	-85.695004	41.809106	8.591427	-11.808726	76.579888	69.750148	3.687142	38.541483	-69.895542	23.723123	-72.952744	-84.015085	-0.876423	-100.124658	-115.102097	-72.503053	-57.461606	2.478897	32.525806	-10.396520	-27.096298	10.314773	-5.086624	-2.130282	-0.442483	
-5.855390	3.479295	-4.689827	20.844999	0.274916	-70.990903	-31.359479	-40.041449	13.524664	56.199584	2.696492	-29.746443	32.248638	47.662511	-51.876508	-41.585376	-8.216813	46.054820	-30.943345	77.028471	8.144745	-9.671735	0.168136	-1.613941	-47.660019	-0.048431	24.685988	-15.114785	9.705822	0.207481	-2.744875	-0.909689	
-4.156240	-8.804901	-33.194933	-7.740871	0.675244	-35.810490	45.529121	-20.516102	-8.178787	40.805706	-67.519537	-140.634053	-45.112869	1.007512	-7.889527	4.190318	-23.979088	-28.842724	-24.437710	21.155733	-25.070691	-33.153453	56.259355	16.919408	19.874183	11.720027	36.986133	25.400217	-10.870679	1.915134	-0.646643	-0.616540	
-4.625400	-2.243606	3.354181	-0.441548	-33.334784	-60.245109	15.592679	-7.887488	-76.816584	-64.149912	-0.126546	32.843114	-24.628980	-18.820864	-33.761567	-9.446655	16.245675	-50.628976	38.987050	50.444720	69.305630	-5.816812	42.765721	11.705100	55.643634	-18.641418	20.024743	8.769706	12.370578	-3.431743	1.475986	-0.071093	
-0.804827	18.440651	29.501912	-2.000839	6.982323	8.301216	-20.243335	27.810650	76.477289	-70.755250	6.781406	31.754949	58.704698	10.041836	-21.268944	-26.857232	82.385946	-47.433845	44.692033	-31.295279	2.781638	-48.259994	-52.406187	-87.766125	-24.099778	-23.377723	-25.766260	6.910929	-8.176922	0.093842	2.811675	0.803729	
-3.374314	1.312126	-12.525238	-20.651691	19.845438	13.284985	-80.434348	-53.760285	63.539565	16.468498	1.126139	-110.932031	65.333772	2.112426	-2.116789	-26.662109	-5.290542	-60.454338	40.920281	-59.175019	-40.392108	10.549738	-44.249478	28.778030	-2.194771	40.204246	-22.239942	-10.477332	-1.626946	0.344492	1.550160	0.608380	
-4.638114	1.363617	-18.790275	-44.611545	26.253926	-26.956494	-80.137361	-12.606213	-3.475194	24.387105	-12.436282	-27.881985	-68.549606	43.717463	8.527165	5.205904	68.352786	6.366997	79.459709	82.324579	42.998606	15.290862	52.140623	-7.961615	57.004753	38.050973	20.414541	18.150894	16.389555	1.686834	2.806803	0.426550	
-4.102826	-5.206274	-13.491939	-10.773126	13.970762	-7.903925	8.793690	1.349014	20.745798	-11.703651	-52.026511	-5.523480	-13.839647	-85.428794	-83.792208	-42.514836	-23.188977	-112.056823	-58.323094	63.985849	22.170303	-29.326239	-28.013549	-37.681538	17.729401	29.429275	-0.461749	-10.859778	-0.738747	2.017320	1.819223	0.586750	
1.486415	7.016358	4.720995	12.386102	-11.677512	-28.018084	54.621208	12.930288	20.477170	29.280801	29.602693	20.657313	22.974211	-22.916568	-83.682244	-60.802262	24.886378	-54.377625	6.955383	1.923432	37.177500	-78.000098	40.030825	2.874764	-0.783122	8.628739	11.113963	-0.763745	6.848352	-2.935019	2.897293	-0.024413	
-1.843020	-3.185658	-15.979441	13.105773	43.577838	-29.288963	-13.059475	-29.118008	-56.302459	-66.157177	-110.785205	-99.413164	-22.729267	61.939843	29.262021	-105.449999	66.131222	69.308344	-17.096193	-94.620766	11.272098	-116.661611	20.526459	-20.077142	-19.586546	-53.110773	-2.203064	7.049885	-2.809335	-2.776289	2.914114	-0.489756	
-2.836586	-0.285682	-1.842648	-22.362891	36.617956	-66.166267	-9.175213	-30.487944	-26.057294	-60.333253	39.127417	-19.912302	-13.961211	63.236847	49.006593	-32.324365	-26.319690	49.454315	-63.816024	-69.724213	42.167129	-72.564227	-66.969325	32.374769	-9.526599	23.253095	-4.458574	2.093593	6.584499	-0.551396	3.504561	-0.508100	
-0.177543	3.379665	-4.628629	-16.334078	-2.712381	-33.264861	17.957415	14.240269	66.292423	1.085688	47.577078	3.347668	-6.537816	-66.521916	-25.698722	-14.642112	-24.415111	26.438081	-27.690044	-15.205581	21.746018	-16.238396	2.327782	-20.397856	-16.160558	-5.307039	-10.246998	-4.423607	0.451908	-4.848984	0.798166	0.382585	
1.393393	0.384061	0.981384	-2.004445	5.503362	-19.505699	23.865840	-40.085558	38.722497	-0.727436	-2.406175	18.880577	19.946713	-41.369333	-17.669277	32.822805	-1.722015	-13.945385	34.137261	-11.414388	28.733518	-34.520919	-18.642520	-21.803064	-6.816692	-0.553852	4.728553	-4.898622	4.983839	0.984456	0.965733	-0.297604	
-1.338530	-4.704334	3.538465	5.434242	5.686149	-8.373589	19.236989	-19.817368	20.153613	-16.241945	-11.992191	-12.707436	35.021137	14.520373	-2.526193	3.832042	4.114276	-16.067582	23.749662	8.774370	14.049626	30.777274	28.535348	16.468610	-1.810550	14.282529	7.519544	-8.238826	0.115664	2.121665	-0.024784	-0.067006	
-0.637441	-0.802005	3.909775	1.669566	-1.698766	-11.044318	6.037394	-10.270980	5.933351	3.862232	3.891010	-5.302275	5.769197	-7.766763	-11.046594	-11.960787	-21.368352	-1.774510	9.188161	-5.198026	-13.030987	4.284850	-7.810732	-15.305772	-0.827104	5.467341	4.452366	-2.158966	1.463340	3.392696	0.449257	-0.212162	
-0.558688	-0.520808	1.020704	1.532673	-1.237060	-5.457077	-2.635413	-6.504862	-0.699027	-5.143822	-0.792845	-1.950489	0.927860	-3.940758	-0.878684	2.705288	-0.625678	-1.153810	3.511023	-10.748316	-13.197947	-2.396129	-1.372660	-7.814058	-1.463786	5.203977	4.153065	1.108935	3.231173	2.794361	0.304006	0.496427	
0.109091	0.089623	1.578493	-0.231071	1.611160	-1.238868	-1.475136	1.099812	1.259242	-0.013435	-1.357651	3.929640	2.930280	0.693369	-0.333650	0.643732	-1.325129	-4.884942	4.909631	1.936393	0.958779	2.436390	2.233809	1.560785	3.036848	-0.052360	1.487969	-0.746649	1.219781	0.813417	-0.018100	0.112140	
-0.019084	-0.241746	-0.295684	-0.812962	0.377567	0.045681	0.626162	1.088649	1.073555	-1.008356	-0.941815	0.542393	0.651725	-0.555182	-0.570137	1.739520	0.995312	-0.478748	1.217063	-0.101303	-0.939627	-1.818136	-1.143175	-0.937897	-0.670478	-0.116206	0.559030	0.277430	0.239558	0.404421	0.050342	0.196023	

-0.169837	-1.634410	0.599779	-1.599813	-1.002528	-0.102323	1.680448	-3.268883	0.009337	-2.624821	0.569566	-1.860805	-6.649937	-6.304232	-1.832313	-1.520465	-4.198235	-3.003151	-4.492776	-0.746463	-5.869429	-0.588000	0.086666	1.200833	-2.659740	-1.897611	-1.518027	0.365680	-0.115440	0.079259	0.224873	0.038127	
-1.020910	-0.774385	-8.120423	-6.585779	-3.251579	-0.433155	-5.358741	-15.385619	-6.617125	-10.152606	-11.474785	-16.940006	-9.715135	-20.902571	-11.664239	-17.448446	-13.411608	-8.714682	-0.057401	-2.814509	-5.959713	-6.173647	-9.154874	-6.558612	-3.424661	-7.174970	-0.689281	-0.214492	-0.510926	0.372854	0.227436	0.095829	
0.564019	-3.070349	-3.553085	6.361168	4.783055	-7.988730	-8.332443	-32.010890	-13.353139	-7.839660	-3.117970	4.112463	30.687848	2.026706	14.367377	14.901954	19.185880	-7.767649	-6.701848	-15.098551	-15.753970	2.297914	4.138292	5.193078	4.246263	12.072507	3.740870	-1.608734	0.789466	0.104201	0.231823	0.001704	
-3.860911	-9.460711	-3.938339	0.810456	0.808667	1.681200	22.615115	12.111080	21.109447	13.948869	-9.900570	12.083510	7.157215	-46.677749	-20.795211	-11.839778	-14.660311	-1.890778	6.466064	12.644144	-15.968985	-20.155985	-22.882616	11.014538	-7.805219	13.763014	2.440673	-9.855991	2.257883	0.775419	-0.209036	0.327969	
0.737713	-10.631998	8.649425	-7.970681	8.051187	-0.283392	-15.074719	-46.733348	26.995496	34.114525	37.170087	-10.464896	3.155842	-24.442891	7.563026	26.825328	27.863778	-4.587733	17.697804	36.857714	69.776722	22.337921	9.673868	11.785198	-27.435705	-9.703953	4.509764	-5.369218	1.979383	0.413585	-0.295778	0.443781	
-0.079727	-13.262560	-6.587817	-31.344323	-1.353885	-13.168044	-45.702160	-38.318912	41.513995	-38.184703	-7.722585	11.992565	-2.607611	-41.620479	0.268482	-38.490312	29.006926	-34.326961	-69.572829	-17.924573	39.121479	-39.754256	6.995326	-16.595344	-11.816518	-35.999073	-0.037868	18.554383	14.550310	2.059874	0.776254	1.526475	
-0.878246	-6.934803	14.214286	17.094264	55.657410	14.578008	54.033850	-23.269974	75.392204	-48.099394	-17.296256	20.943598	-5.591397	-52.441358	28.777664	-19.143972	27.425944	-31.642723	20.945442	-16.054435	99.734302	-4.017733	61.084266	61.326205	42.049400	13.047900	8.655026	25.806763	10.000132	-6.552677	2.164683	1.866317	
-5.450301	-25.411900	19.539160	-41.904042	-21.842539	-78.502199	-64.957053	-38.009664	66.791937	-46.054125	125.188546	45.271350	-20.077799	-35.772248	65.226058	-45.732082	51.820116	-71.670603	17.255532	31.619630	-86.095665	-58.582271	-29.483508	-42.038133	-31.504628	-23.751161	-13.687495	-2.448420	4.337393	1.595645	5.256744	1.577910	
-1.381483	-10.838086	33.325039	-42.187573	54.222411	12.493716	51.475430	32.135823	134.091434	-80.856671	21.078316	94.844382	-59.299663	-5.783620	190.436503	-40.292327	100.597027	-53.043853	4.859559	81.590664	7.550284	51.943616	80.083488	-5.212157	9.294461	-9.346866	36.600103	1.833038	7.235518	2.648363	0.461700	-1.006651	
-1.431740	-14.493883	-5.261802	-55.283638	56.044465	33.660602	-71.619146	-49.047961	86.877380	-22.856569	-6.122217	88.658263	-91.345045	-42.961240	42.037294	-123.361081	41.751949	-1.872587	11.978119	30.820886	-50.254548	-116.411318	64.593609	-33.345093	46.836870	-40.091731	-13.284245	12.437157	7.680816	-2.572104	-1.587048	-0.535501	
0.998285	-11.636523	4.426865	8.179916	43.259747	-1.324764	-26.309670	0.632888	66.670617	13.531503	66.436225	125.437243	9.452804	26.387423	111.880864	-28.481167	104.480910	-88.150736	47.756002	67.592528	104.709869	-76.827428	137.808941	-10.627164	44.960983	28.847859	-3.773567	17.796780	14.373401	-5.430105	0.353331	0.307380	
-2.872361	-27.176587	-1.713016	-7.203270	5.325906	-37.576491	8.540639	-16.666387	25.423005	-16.954782	-1.183918	-28.621014	-10.332503	-61.175696	38.107624	-32.275876	11.168068	-3.683545	67.824011	-45.160849	86.680506	-26.356874	-16.162643	-26.846778	0.917761	-27.802958	-17.504994	-11.636346	3.093168	3.057108	2.387360	0.886074	
-2.145026	3.116311	10.225281	-34.087271	70.585254	18.350066	85.068156	-22.363444	56.011972	69.720103	37.880216	33.840807	66.642647	-18.794623	89.603356	48.403738	-44.818376	2.300833	122.609554	-130.247697	56.986211	98.429151	7.794125	81.711328	90.555423	-8.584679	6.899729	26.336912	6.072824	1.793352	-0.427933	-0.056932	
-6.423545	-12.792166	-31.523719	-22.676989	33.141838	-48.868819	-71.393340	-57.207289	18.563927	-66.863737	-73.507239	-13.561178	46.843356	-78.084617	3.547253	31.152108	-11.413421	43.209162	72.656862	7.695243	95.814804	56.991091	-31.586699	-20.607400	32.363451	-51.885685	-40.911259	-5.419050	0.251863	-10.260084	-0.755169	-0.497114	
-5.067031	-9.657882	2.303589	34.268343	72.677037	7.118526	-35.834078	-17.898355	83.200836	-26.528068	32.675749	56.389281	73.094706	-3.013888	77.441342	4.275168	33.717140	-93.303320	-93.004351	-31.297714	-57.921220	-25.257815	-26.543849	-36.179594	-3.298977	-0.579676	7.995505	-8.242994	26.984868	-8.501973	0.659302	0.280990	
1.036659	-2.366335	-32.964065	2.190786	43.254054	-15.698224	-0.844197	9.402821	33.103181	-9.146813	-23.038233	-30.858642	-71.405849	-64.823618	-58.721533	-34.808307	76.130880	33.153359	30.521660	108.667449	52.762777	53.448196	97.107981	28.415639	6.777908	22.642151	3.467969	-4.744362	9.486621	-2.525044	-3.169158	0.785559	
-2.783860	-18.546379	-28.817121	7.267864	49.903986	-24.512837	38.719806	-10.187886	80.257141	46.673377	-53.309021	-70.365906	44.058044	45.657335	69.206966	-3.068321	73.470629	-51.571261	-34.604534	-30.789159	-24.857847	-34.630515	37.764544	-5.023172	2.848244	-8.664819	17.167463	7.957166	-10.719872	2.535028	-3.505364	0.995136	
-3.023878	-7.960520	-5.524626	31.711380	7.193009	-86.100544	2.987078	-41.262297	9.674998	-21.992163	28.561901	28.529032	22.849283	-75.220355	-69.248877	-44.536430	57.113116	-104.387142	35.442274	8.998192	-0.355933	-62.428698	31.430923	-4.367615	17.241171	-37.870210	8.845652	-12.262793	5.744924	0.464563	1.045023	-0.556574	
-3.720255	0.939656	-13.132767	6.655094	51.773893	46.760943	-16.525343	108.563784	135.858902	19.641229	-7.472281	27.315167	84.123706	24.841872	40.962307	57.139339	128.242333	-68.340972	63.464809	1.982405	54.320377	-18.031732	100.049259	0.199326	27.039873	-14.047122	0.872630	2.341373	19.513470	0.811393	1.207812	0.820494	
-7.012955	-13.168006	-16.808027	-18.235979	1.119836	2.962844	-68.748053	-8.879185	19.702656	-20.265917	-43.560276	-115.555791	14.666453	-81.588550	10.790878	-46.487969	-22.874437	-89.367423	-4.294029	-115.911442	-67.386358	-33.458506	2.811500	7.271217	-15.323304	5.575774	-22.148407	-0.619927	10.153243	-2.915887	2.636063	0.459826	
-6.176919	5.842508	-7.981890	-39.147360	57.629952	-2.733712	36.527053	-3.864546	58.896307	19.525494	147.960560	-40.740692	85.201172	55.550007	43.541958	3.511162	86.848372	61.142852	159.993010	53.063597	50.386958	105.850665	91.383503	-8.693906	29.072044	17.031063	20.614948	20.323560	5.913338	-3.458007	1.664026	-0.060888	
-9.423657	-3.218023	-6.376845	-3.592454	28.385970	0.286808	-18.406243	-46.186667	15.102388	-78.541067	-84.605882	-23.275006	90.354997	-44.459203	-5.870990	-21.680488	88.703049	-92.113174	-93.928621	24.470923	-31.463820	-57.922435	-22.501998	-27.701918	-9.972533	2.884133	-13.300000	-15.171077	-4.286775	-1.747537	2.049169	1.271857	
-4.299416	2.310991	14.299114	2.077495	15.631859	16.122194	49.348888	-6.607721	83.636118	51.197565	95.952125	109.966483	159.621739	25.147314	32.812639	29.268821	133.495993	-60.172191	-7.029165	74.800792	32.292238	-26.280810	82.337884	43.548413	4.906537	26.984339	4.868914	0.679100	9.011865	7.785696	1.885381	-0.162614	
-6.400823	-7.464709	-12.571918	-24.307541	19.842512	-29.607091	3.269552	3.473484	32.221458	-6.065576	-28.397461	-9.700291	28.318302	4.327203	-23.056542	-22.687764	127.935675	29.153065	39.701735	-1.549792	88.646563	30.631486	92.669277	19.454626	20.705772	-9.876980	22.959315	6.142907	1.679573	-0.784486	4.047519	-1.478081	
-0.535763	2.760625	10.487971	-24.091932	48.918680	-53.054014	15.800624	-18.498924	3.770753	-11.810935	63.554211	-11.850247	37.390349	-8.592806	61.925957	-10.051408	1.123142	-3.333613	-85.040060	-25.733225	38.734797	-68.595515	-49.236958	-2.825733	-7.004179	8.573783	15.679931	12.505039	0.448867	0.228337	3.422310	-1.650346	
-5.605171	-5.375019	-12.739216	-31.928922	15.873850	-31.807110	16.450727	-18.608838	14.366030	-75.183872	-1.771409	-6.477938	33.171876	-54.616527	9.703290	-33.870660	-19.144095	7.807373	-1.120772	-14.900535	34.233338	34.195950	21.208022	16.070124	18.996535	4.793559	5.604962	0.637752	3.564036	-3.390289	2.863827	-0.229346	
-0.279207	2.021285	-6.722794	-1.452964	18.183458	-5.307486	15.636238	-29.851952	66.096546	-26.786876	-6.429441	14.981273	54.913678	-51.519276	-12.949412	15.274217	12.885986	26.636033	15.602164	-10.396480	3.101960	-36.599968	6.970204	-8.310088	5.856542	-10.365817	1.978773	2.543472	1.312517	3.182864	2.458693	-0.139769	
-1.295896	-4.396458	-3.108423	-3.452791	-0.275217	-7.325811	22.788059	-13.008166	49.616023	-15.473405	-19.139113	-10.612151	27.534932	-4.286368	-16.565428	7.966371	4.063452	-8.014960	22.016295	-20.875743	5.686996	14.199155	27.951550	7.050076	-6.724425	5.513796	6.935438	-6.681992	1.806407	2.947654	0.010657	-0.262854	
0.562374	0.998623	-0.508534	0.969203	-0.939306	-5.824986	9.849489	-19.928798	12.478781	-15.766769	-7.858665	-10.343811	9.450069	-2.508940	-5.993904	-2.430962	-8.354455	0.054768	16.919407	-9.289058	-6.773075	5.692255	-5.520889	-15.840116	-3.369764	5.318807	0.177861	-2.062940	0.047157	2.764905	-1.040438	-0.034821	
-0.747706	-0.742650	-1.711208	-0.372603	0.732262	-4.606747	-5.312266	-7.725325	0.034790	-9.103954	-6.320056	-4.286800	-0.874655	-1.090538	1.399492	10.855115	3.825664	0.007179	7.858411	-4.682670	2.668576	6.402213	3.054446	-6.558058	1.609087	5.132169	0.805352	-1.894422	1.459938	1.289140	-1.173772	0.370802	
0.072791	-0.142315	-0.395521	-0.992736	1.700078	-2.512889	-0.730894	-0.904229	3.784399	-4.227942	-1.524910	4.064671	0.929351	1.293591	-0.790198	1.241568	-4.124407	-7.805490	2.503785	-1.236413	0.663962	0.082457	0.489853	-1.247415	2.309437	-1.269464	1.592624	-1.329107	0.019412	0.177884	-0.876914	-0.047703	
0.004512	-0.053631	0.352637	-0.307524	0.685130	-0.261774	-0.993606	3.061300	1.264951	-0.488329	-0.563715	0.610550	0.066030	-0.253321	-1.333356	0.780935	-1.766738	-1.781574	1.301245	0.314406	-0.253081	-1.558440	-1.882813	-0.971950	-0.958553	-0.179865	1.281339	0.128169	-0.008008	0.160801	-0.223189	0.110024	

0.272482	-0.489215	-2.198208	-0.043473	0.230213	-2.667026	0.789944	-3.946634	4.124185	-1.552825	0.285944	1.430346	5.632936	-3.237886	2.848978	1.935088	1.857263	4.231694	7.028672	4.806745	2.582149	-0.622880	-1.653892	2.603433	3.013916	-1.024086	0.686731	-0.204440	-0.342217	-0.167648	-0.081579	0.021224	
0.158535	1.930169	-1.937151	-3.823066	-3.003612	-4.586511	-2.562552	-10.773369	-2.157623	-6.901347	-6.338798	-8.947250	-7.549503	-10.309375	-7.560616	-14.624792	-19.203881	-14.371632	-8.644295	-2.771589	-6.620542	-2.784605	-4.959003	-0.609142	1.073644	-8.240767	-2.047133	-0.475805	1.542618	-0.065703	0.027632	-0.108868	
2.165240	0.890376	-3.578018	-4.111880	-6.036311	-15.613115	-7.798402	-10.707903	-15.605640	-1.196742	-2.904823	-10.659350	24.077500	-14.294363	-6.609322	2.148874	0.130531	-3.258338	-5.781030	-29.651546	-19.341396	-4.791775	0.447386	-1.225482	-6.526934	1.622231	2.054943	-4.015899	2.304744	-1.467805	-0.572232	0.138874	
1.169461	-4.582381	0.956458	-2.206809	4.741070	-12.393842	9.941126	4.073922	13.670743	0.547068	-22.542475	6.657943	10.432565	-30.004241	-17.352082	-0.877042	-30.419506	-5.022000	4.592788	14.550015	-2.323808	-34.098244	-43.551680	-6.003284	-10.556743	10.170710	-2.471559	-7.898996	3.764271	1.415943	0.484318	0.106632	
0.868495	-8.746915	-1.013548	-4.462038	3.075275	8.458777	-4.162284	-29.505576	-11.742076	-32.914638	8.470226	-38.636555	-4.378493	-32.116276	-1.891102	-9.522547	16.307826	-27.012474	1.359378	-4.340599	14.836188	-5.912800	3.322526	-3.582766	3.936870	-10.041966	12.995782	5.785018	-1.259686	0.782041	1.231950	-0.262849	
1.733977	-7.602138	-2.823345	-17.721026	13.494049	-28.357162	-37.542025	-34.971990	-17.196098	-63.367960	-15.066085	6.987506	-5.357873	-18.157907	12.190532	-28.437534	34.164814	-20.456750	-46.825078	-22.729103	-5.119851	-59.680309	18.179370	-4.921639	-3.807049	-16.768964	-19.512558	-2.583680	-0.594746	2.005604	1.095032	0.122525	
-0.527474	2.130710	2.125158	-6.269253	37.941524	7.772062	-11.904670	-6.261326	26.656016	-63.549607	-18.238056	26.287347	5.089903	-6.998003	41.680125	-11.705944	22.607954	-1.625524	36.332425	16.145728	44.890153	-30.285858	18.890891	28.439766	51.999521	6.185777	-5.577850	8.098172	-3.511066	-1.530252	1.958238	0.141799	
-0.244965	-18.373012	5.682633	-39.692146	-22.871934	-101.947717	-55.150244	-5.381663	16.165959	-55.258290	47.630121	-4.581111	-45.918235	-6.057748	40.695979	-79.276223	7.168111	-54.058100	28.107664	0.485002	-73.789359	-22.988068	-73.160907	-48.332073	-41.572201	-14.406163	1.226481	-9.090375	-6.943697	-2.330208	2.233076	1.046281	
-1.678413	-14.020339	7.051082	-39.494991	10.985113	-32.559100	-19.955421	21.999416	71.072911	-115.443149	-13.502357	18.532618	-71.307571	-25.609001	102.902016	-56.567303	48.936652	-89.539405	-58.227280	82.639127	-36.834681	11.429516	68.619225	-60.352071	-23.641047	-12.575235	30.095810	-12.631686	-2.518976	2.962291	-0.784670	0.031833	
2.442864	-10.714849	-14.688098	-38.390039	21.459589	-2.355319	-74.419002	-57.391052	45.613596	-10.479390	-30.299643	39.965138	-90.832617	-60.165549	21.049248	-81.769473	10.852605	-14.627385	-57.820682	37.170544	36.594013	-100.833611	55.102361	-8.333435	0.139179	7.496255	-40.007970	-2.358034	-3.430722	2.497027	-0.511950	0.585741	
-1.369289	-4.344684	-16.927325	-9.508682	-3.178195	-12.660824	-3.730442	27.258668	12.344297	-75.668131	-50.996432	-9.474626	-43.854350	-46.653725	-12.025387	21.240595	61.160276	-52.668533	-19.882061	-47.535051	63.121211	-76.498367	67.219384	-18.682664	-16.970620	-28.895698	-23.992169	-2.905481	8.790295	-1.191646	1.213313	0.532742	
2.089079	-15.614468	-15.260206	0.754506	3.518492	-69.143462	48.053822	-12.584768	-74.842022	-79.140356	-113.347102	-67.522481	-66.798229	-26.996072	-17.972492	-95.503217	-76.805541	-87.971597	-86.041599	-100.729525	-8.499481	-88.062562	-83.351002	-44.214944	-79.778382	4.110752	-13.317744	-11.461201	-2.963830	0.125068	0.141555	0.639851	
2.743096	-2.475242	-7.657305	-16.245035	26.351339	-35.867742	13.484350	-8.758218	-19.540552	0.136949	-8.674524	-14.053063	44.633927	-44.924670	26.019126	-41.947897	-112.235883	-22.911076	18.121310	-156.218301	-22.962967	45.377224	-100.589445	91.961198	59.068600	-23.543624	22.204508	23.222132	3.149941	-2.553270	0.627797	-0.137209	
-0.036157	-17.805026	-41.524129	-16.860753	-10.153307	-76.347633	-99.536677	-43.845186	12.716908	-19.402465	-88.965220	2.222530	30.690128	-23.601614	18.616791	-12.334738	-36.604198	61.295128	58.229605	53.062348	42.657075	27.880185	-1.395452	24.639477	43.480111	-14.589503	-1.813837	12.716618	11.403131	-6.106482	0.887798	0.220269	
4.166499	-6.323923	-24.984019	-0.284061	-5.110836	-22.620520	-39.378711	-21.050714	76.268860	-57.027252	31.114605	5.489704	-33.460608	-79.618951	-41.775235	4.481356	7.727956	-0.741292	-15.862491	23.494799	-32.742549	-40.750115	-5.833588	14.631146	17.773686	7.980940	20.360573	-11.162730	29.760449	-4.176536	-0.421446	0.528135	
3.348726	-6.798617	-33.923090	-11.343968	8.248612	-47.426779	50.099892	8.269090	5.628452	-52.059218	-35.889904	-84.745202	-86.070239	-22.258609	-84.389054	-43.225185	20.228694	-67.890555	-12.825072	21.994798	-46.236709	20.509106	59.042466	-52.171643	-41.984978	-25.468594	-18.780087	-14.857053	-6.425106	2.376985	-3.247047	0.794229	
1.511549	-6.069653	-64.402775	7.710050	41.817823	-47.307790	25.551754	-19.620439	5.974957	35.757218	-61.383470	-72.699751	53.927915	68.544251	52.696094	-19.585322	21.073210	-136.336995	-66.662392	-31.096246	-38.414516	-98.202354	13.154628	-82.298384	-38.471731	-26.534892	7.500539	-2.174927	-16.289396	3.575744	0.879411	0.392138	
5.415734	-10.444857	-14.185588	7.338459	-17.964040	-123.284838	-37.588582	-62.032332	-85.708031	-56.500867	3.000302	77.889132	25.424483	-27.330401	31.671292	-35.535430	-43.346299	-95.848517	-3.661915	54.304598	27.629461	-65.849244	-6.744121	1.538225	21.756294	-5.114840	-9.528724	-2.247692	9.111061	3.475489	1.547650	-0.526245	
1.687448	6.710481	-11.321026	-12.247416	-5.213509	-59.751949	-93.136662	15.645620	59.630522	-87.831845	11.135801	-18.791488	13.482663	-82.490569	-27.923907	18.984932	58.228453	-31.363113	43.471758	-64.727523	-4.889055	-18.864897	17.022829	0.280862	-16.108366	5.832295	-1.704395	-1.464931	5.561016	-13.650729	0.510613	0.209154	
-3.142072	-10.759100	-9.970079	-28.442448	-14.829632	-48.246523	-51.319807	2.511984	-20.175887	-28.298718	-28.103892	-91.022627	-63.975963	-136.647195	-72.998297	-10.662424	-60.365628	-95.952316	-19.788249	-108.947845	-75.973049	-41.632405	-53.476303	-40.935405	-39.460287	35.371760	-25.547420	-22.626901	-8.948991	-12.397365	0.601714	0.282379	
-2.671910	6.462179	-9.985107	-32.280007	37.718389	-42.423037	10.339911	4.603988	41.038789	-9.535799	47.122097	-60.429376	15.689612	-11.649044	49.472688	-33.356133	41.629327	-28.381154	75.189917	36.136283	34.823885	41.866713	45.914733	-36.691055	0.284603	-0.762394	-18.128121	16.009406	2.267890	-6.183735	-0.777821	-0.888235	
-1.538476	-7.467505	-20.413387	-12.550435	9.304916	-24.354715	-27.311787	-105.132112	-57.311130	-131.577577	-124.022719	11.271157	40.836085	-28.913952	-56.314816	-17.843737	10.391378	-189.830009	-120.734873	-22.148385	-30.721089	-39.797064	-19.601488	-29.441772	-1.908746	4.704354	-21.190283	-5.624383	2.537535	1.750494	0.668704	-0.304549	
-0.794310	-3.776228	14.169587	-2.508721	-42.380182	-48.547309	6.512107	-48.823393	-2.966052	7.808260	-33.014680	57.606562	81.326124	-30.494611	-33.238482	-26.990212	50.238136	-115.535831	-53.811705	2.718141	-28.775449	-88.856123	61.535133	25.642452	-1.963305	18.074386	-10.688970	-31.906295	2.125478	-3.421262	-1.678687	-2.305607	
-3.249350	-1.936758	-7.562586	-42.291580	7.201113	-47.889003	4.927624	41.160963	52.264888	-14.027199	-57.528187	-87.802113	-44.867154	-37.577026	-26.940221	-59.798068	83.204046	45.213889	39.385243	-50.053557	11.751109	-53.933985	31.404337	27.822423	-11.573046	-23.906551	-15.500970	-18.296874	-2.782068	-6.832999	2.843365	-1.983841	
-2.005107	-2.274779	0.086320	-27.369743	27.965844	-61.548841	7.795934	11.982745	24.532862	-22.836830	49.156226	-26.860116	-9.275432	-8.299178	47.420275	-10.348842	-20.895890	-19.995616	-43.935491	-47.598960	23.832271	-47.933448	-29.943772	-7.707089	-13.091033	-3.638105	-1.041539	-9.440809	-1.536113	-2.473533	2.455265	-0.262442	
-2.259752	-1.731941	-13.712556	-27.212836	2.395441	-34.207691	-7.805557	-44.806276	-12.894477	-70.371115	-17.949104	5.072647	10.134047	-32.860008	10.835265	-13.925053	-39.249830	-7.191525	-25.705068	-15.065059	-6.225119	35.217687	17.028322	-3.274230	-8.366624	-3.413631	-17.970267	-0.021181	-0.137142	-3.308352	-0.336769	-0.008312	
1.301321	0.011882	-12.864835	-7.537780	1.839812	-32.193195	-15.355221	-47.343566	12.664312	-47.195653	-23.036951	13.036328	24.374458	-56.167196	-41.372144	-1.682873	-13.528689	-22.192626	-20.372758	-55.164257	-24.943711	-65.962486	-31.589878	-40.893847	-17.280997	-13.328258	-9.914799	-4.596176	-0.728157	1.326892	0.252767	0.213744	
0.934958	-1.516704	-3.486210	-2.323524	-8.304213	-14.433198	9.104480	-15.871263	26.464977	-12.602199	-17.166319	-25.310576	7.146976	-15.367343	-29.878757	0.937172	-8.520635	-35.419100	-20.528008	-53.849284	-32.333662	-8.604297	-2.484529	-4.233503	-17.402860	3.621903	-5.467748	-5.569472	1.627627	2.000142	-1.725540	-0.260884	
0.980029	-0.285063	-1.650867	-0.784262	2.302680	-3.004791	4.131994	-12.265341	-3.368054	-20.073034	-10.978438	-14.070732	-1.453298	3.635745	-4.013128	9.222612	-2.943491	-8.730404	2.481131	-15.214235	-19.969657	11.797262	-3.697445	-10.272732	-7.282032	3.285908	-2.903747	2.345033	1.190136	0.311042	-0.645505	0.236367	
0.091254	-0.969085	-1.501958	-0.095841	4.003220	-5.888382	-3.576135	-6.038496	-7.409247	-3.586855	-5.886381	2.020982	-1.612538	-0.436612	2.542484	6.993126	1.295622	1.421861	6.643836	-2.210750	2.855435	5.245020	1.951393	-3.725015	2.762620	2.033554	-1.693276	-1.906006	2.110170	1.213833	-0.463591	0.442162	
0.115153	-0.498303	0.254734	-1.167972	0.379372	-2.535012	-3.293728	1.706614	-1.634723	-2.808079	-2.289001	-0.876814	-0.330230	0.408008	-0.157696	0.291195	0.654160	-3.745739	5.191965	0.958047	0.488930	3.369878	0.321759	1.199161	0.361863	-2.327263	1.786364	-0.451650	0.105704	0.241442	-0.229898	0.473072	
0.024865	-0.001445	0.024427	-0.185139	-0.033529	-0.359681	-0.430132	0.205859	0.155524	-0.766136	0.046488	-0.081868	1.022603	0.507925	-0.515349	0.079118	0.132848	-0.018900	0.741491	-0.394463	-0.091094	-0.456170	-0.194491	0.360386	-0.014528	-0.003912	0.001392	-0.299068	-0.083494	-0.066445	-0.112485	0.115018	

