-0.126261	0.549766	0.738138	1.310717	-0.923623	1.794972	1.936070	5.499780	1.179929	0.766306	2.491879	5.198258	3.667129	5.770361	5.162384	3.453034	1.258925	2.631834	3.211272	0.909792	2.877068	1.021475	-1.192010	1.812138	-0.660173	1.743464	-0.568226	-1.116929	-0.505305	0.015137	-0.061997	0.087450	
0.290895	0.933268	0.263168	2.320519	0.599407	1.457312	7.832174	4.016300	-0.160841	10.126680	9.126060	1.120945	0.588390	4.109586	10.035801	2.519073	0.824128	2.166936	2.510870	-9.784029	-2.995575	-1.141910	3.620381	2.960880	0.964082	-0.280534	-1.860900	-3.968687	-2.312228	-0.768427	0.126065	0.026465	
-0.141286	-0.191935	-0.953130	-1.223827	-2.584113	4.262374	13.146111	-6.731035	-15.608333	6.381659	3.908820	-14.005882	-13.659270	-11.653812	-20.970304	-9.360366	-17.355296	3.485441	-0.692562	-8.651008	-3.593283	-8.322295	3.584215	-0.909293	4.254473	-0.065861	3.570765	-3.448178	-1.926775	-1.844227	-0.358421	-0.187678	
0.558649	0.072921	-1.559747	-4.541508	-9.803650	5.831504	6.967071	-1.870646	22.288246	3.616591	-3.492251	-1.160387	21.743366	16.416496	10.393587	-4.475597	33.129233	-2.481898	25.868407	-0.973322	14.723960	2.652516	13.402955	0.015200	-13.597862	10.609352	4.351258	1.927036	-4.142663	-1.157808	-1.368275	0.217155	
-1.299922	-4.342957	0.934487	3.975034	8.138427	22.051556	6.054485	-2.742955	24.573809	-10.948708	-27.458265	-19.948721	19.363204	-9.415507	-8.427181	-16.792758	39.507336	-13.808863	7.274865	11.973231	-5.258713	19.855499	20.359023	9.931877	17.252677	6.724492	0.816322	-0.793175	2.579250	5.193705	0.576450	-0.612361	
-4.447462	-6.650184	-17.061788	2.340353	16.192736	-9.820005	-17.779556	10.032851	26.415305	-6.669406	20.083544	-70.634015	0.150740	0.319431	-8.489489	-14.113593	-10.158740	-39.084671	-21.651340	-20.804212	16.713654	-1.516011	-0.718217	-35.186985	11.910708	4.110291	-3.623281	-4.624311	0.604919	-1.385604	0.482559	-0.724490	
-1.145033	3.212489	5.481844	-5.654077	22.937993	-15.478758	-7.913100	-18.465321	47.670019	-50.578760	28.085860	-29.102867	-3.626244	62.357606	89.790470	15.569051	41.728121	-0.245764	36.425754	-16.834906	25.240532	-32.666075	4.579168	-23.513150	-3.314546	20.738081	25.445514	-10.764532	-2.271545	-4.363685	-0.438173	-0.755580	
1.663250	0.389287	22.266933	-11.120218	9.622407	-14.639039	6.898227	-39.228533	57.216191	-12.716511	53.969337	1.566358	45.517229	13.317964	20.945593	-44.689521	33.758796	-36.220934	28.809382	-16.315618	63.256771	-44.905028	51.366709	7.482429	45.557766	-7.307133	-16.599027	-17.398511	-8.911113	5.196136	-1.011628	-0.014259	
-1.954442	-13.225848	11.219620	5.667466	-5.800361	-1.207826	-61.127044	-77.775946	73.526164	-70.695061	-5.285437	-9.591651	33.569352	-23.171946	-27.625179	-118.383284	34.213129	-68.293947	-29.967503	-2.503256	25.588481	-8.095958	-13.239642	-21.000800	26.932592	-4.480681	0.668962	-4.146249	14.101028	9.521974	-0.965008	-0.730109	
-2.329878	-9.852682	-16.314144	3.912998	-15.182828	-2.585679	-3.125525	-56.858037	38.484350	-33.280024	28.325742	-5.872087	30.753376	-23.441485	1.887620	-43.342515	-6.999586	-36.222698	-12.834324	9.181165	-57.892614	-32.750247	29.358794	-6.177104	11.445204	26.430162	8.130690	-4.453821	-2.826536	0.099425	-3.717590	-0.016651	
-3.215112	-5.057339	14.830538	-8.483198	1.019388	-6.701779	-7.406423	-59.377708	-11.761987	-54.568384	53.238544	-35.231442	43.646372	13.668412	34.049212	49.061885	-0.242468	-16.439495	42.106645	119.572406	52.854126	-16.697891	32.208148	11.426161	34.343879	-12.624906	-0.497282	-20.838173	-11.341512	6.876681	0.089097	-1.252414	
-3.809752	-5.447100	5.943543	-0.041632	-18.168803	25.349825	-16.860664	33.210952	44.636958	-38.911272	50.602803	-42.604044	-55.769708	97.081773	37.758059	56.046216	93.681403	5.498516	13.317170	-2.884211	64.243927	-6.316318	16.037912	-32.668713	32.594398	-46.343171	10.130231	10.829603	-6.995803	2.663568	0.448071	-0.714276	
-4.224109	-10.868765	8.813997	5.440171	12.928545	-9.133332	-36.995999	-58.328781	62.461520	13.628656	67.942392	-10.064466	-1.448831	5.535682	60.887823	-51.745883	42.372196	-81.604458	9.837341	-43.737436	50.263349	-20.683304	42.850409	48.035115	51.301123	21.054103	24.142525	44.048174	-2.342009	-5.600603	-1.992085	-0.059076	
-4.974260	-2.898982	0.072209	-12.921878	-19.659095	-18.330596	-30.029564	-6.710608	116.624466	46.702238	74.077093	36.557902	90.105919	-23.222157	-24.517580	7.230287	-9.959274	-56.812829	92.711722	37.113176	-14.839392	-61.614297	0.621766	-21.776661	16.417808	2.430268	-24.122842	8.758393	12.625788	4.677448	-1.107747	-0.023778	
-3.817484	-3.533073	-0.513380	-6.822240	-8.949394	-13.919979	35.852066	5.090938	45.312905	-111.967483	-107.408850	-65.571553	46.967817	-37.750720	-1.337509	7.435246	-14.913285	-6.228900	23.322919	-21.831257	-41.541194	-21.794097	38.754969	-54.937879	13.827576	-14.908974	-18.997775	-5.614623	4.212227	1.647356	-4.189678	-0.150990	
-5.750341	-5.765595	-14.523093	24.734497	5.504438	-58.007990	35.130164	-4.728740	-21.629612	-19.064018	18.040678	-0.153146	72.809304	-1.485057	-41.370082	64.879833	32.072920	-2.900359	-13.250876	-11.305755	38.900005	-97.870315	-44.905388	35.308450	31.679071	-18.415189	20.686618	-16.172278	-11.693119	-4.139213	2.683917	-1.328681	
-1.899890	-10.420542	1.477734	14.288583	-8.997576	-119.625541	21.293508	-33.323671	-48.949451	56.788712	112.222737	-16.689322	17.301432	30.837078	-7.424064	25.375464	74.481027	-90.375342	-122.694321	49.112944	38.805874	-48.481926	-60.357481	80.687691	55.238157	10.504582	-24.142166	-3.270801	-24.377534	4.743927	-2.071852	-1.453223	
-2.891994	-10.183127	-0.354437	15.872030	-14.876977	-21.252580	56.594207	33.153879	50.877823	-14.992405	55.210605	-53.642464	-34.693303	45.784524	7.045142	-129.459549	-90.835821	54.064229	-54.067990	45.124752	-18.176388	14.253351	-25.608556	-4.254152	-8.687784	23.869914	27.773738	-1.276098	1.752398	8.347299	-6.084183	-0.661528	
-1.369973	-13.896053	2.657115	14.875911	15.798003	-49.635999	-45.508361	-72.720482	-6.668483	-38.137532	-31.201721	-76.988844	51.437416	2.152239	74.764187	-6.611325	-34.046127	127.687718	60.360656	-97.243250	70.866191	-32.709100	-53.593894	-25.237040	-19.541059	-47.587198	34.619031	26.484229	-0.129032	10.685772	-3.603444	0.962303	
-4.647554	-6.498154	-14.659716	19.504088	-14.497995	-13.170473	48.008514	-36.142504	28.027878	17.778610	-43.231528	9.316638	42.493148	-27.553620	70.131572	18.400093	-9.163835	4.140880	38.209238	2.537248	-40.737869	-49.265349	-84.958999	24.089289	103.339039	-4.253106	20.221561	4.484516	-1.547873	2.427842	3.851226	-1.440769	
-5.570819	-3.040794	-8.980557	-3.573028	-6.969928	-33.473898	43.105887	-42.652586	11.056032	-1.414919	51.625139	8.872672	97.585569	-18.323932	16.676861	-29.482493	-12.022222	-58.258909	22.031893	7.890315	8.384137	-16.856488	18.404472	-13.068059	59.349337	10.328529	-21.070074	2.237425	-11.580498	6.549319	0.995309	-0.194191	
-4.373664	-6.793888	-36.654524	25.632250	-4.475162	-49.514860	-71.351879	30.368602	25.502316	-53.604862	0.677089	-58.930316	32.213642	-15.755263	-48.206823	61.037378	28.575003	-70.754342	-16.591312	-89.156071	-10.100959	13.756432	28.553438	-93.715042	5.814448	-18.158896	-16.715040	-5.954571	-2.722418	1.492829	-2.902497	0.056999	
-2.594844	-4.334984	-7.496424	-19.590112	60.506865	-42.075572	-1.444688	19.288381	109.791316	-29.270971	-43.509462	-69.609933	-14.710899	-21.713974	-36.782786	79.238173	96.721574	-30.101392	-1.299090	-26.208305	40.239935	-10.471964	12.935589	-41.421280	13.453497	17.440148	27.508588	11.607723	3.897578	-5.183297	-1.341987	0.803034	
0.989582	2.435956	18.254942	-44.911276	15.713785	-31.229652	-25.798916	-27.625206	27.869144	-7.818272	-51.412754	48.353954	48.588333	-35.730840	-4.900664	-34.987126	-22.724807	19.995955	43.155517	57.067034	71.403719	-7.741586	-19.133232	-1.803824	0.663558	16.779973	-1.858823	-4.310059	12.021219	2.694694	1.088393	-1.011721	
2.216812	-5.380806	17.225642	-21.892527	-16.884561	13.211808	16.823155	-53.833571	19.796267	-56.687134	-29.144283	13.814072	-15.922066	-67.943020	90.082191	-53.326099	24.781541	16.556331	22.101627	-61.224457	34.699332	-4.010305	-36.675079	-13.325897	10.374645	-26.470854	2.934670	-7.720556	-6.694826	-1.911449	-1.169697	0.123075	
-1.449934	-3.759798	-1.245835	-2.053169	-2.783178	24.055738	19.959129	20.165019	42.880582	-21.035048	-9.586375	24.271664	27.377322	-55.554591	67.629007	-38.784710	12.582352	1.164620	-31.915127	-26.122778	43.638559	-14.290259	8.178247	24.297598	15.534119	-8.336843	3.458713	10.766740	-8.907454	-2.785408	1.592572	0.335658	
-1.309701	-4.197024	6.500990	8.416970	6.657099	23.785469	14.952470	-8.160253	41.882449	-0.839225	36.367737	62.392531	32.713491	-52.628057	47.896532	-21.791714	28.993494	-13.348031	19.245356	13.436058	26.226115	-22.291990	14.039551	-0.270683	6.618920	0.147183	1.111381	5.852642	7.052065	-0.368324	0.284741	-0.001712	
-1.240784	-4.239522	-2.294907	-1.946178	-0.659131	0.440718	-19.484004	-27.893943	7.705424	-1.065187	2.734333	-0.859675	3.193332	-32.967768	-3.641256	-4.561439	-9.778687	9.288134	8.985054	0.238442	15.587094	6.369333	1.651593	10.324497	9.720179	8.566971	0.272527	-5.605511	3.892661	0.034203	-1.294644	-0.278159	
1.620476	-0.580242	-4.064455	-5.017034	-4.977881	-5.417825	-10.650580	-18.372052	-12.099441	-5.083452	-22.045155	-16.609860	-7.273137	0.529581	2.855536	-11.851646	-7.239244	-6.100429	-19.717059	-10.377424	-4.782007	-10.181278	1.365974	-4.113195	-7.425714	-5.959907	-2.741046	1.553377	-4.915245	-0.074045	-0.655564	-0.098868	
-0.159878	-1.247124	-0.515828	-2.947521	-1.446243	-2.863743	-2.905571	-3.719669	-5.922620	11.010488	-4.015147	0.116614	-1.286645	-4.432042	-2.649370	-5.754995	3.284022	-10.470030	-12.281052	2.097145	-8.530531	-8.335614	-3.129484	-3.916342	-3.050137	-1.709587	1.297862	1.176657	-0.263949	-0.480051	-0.080228	-0.078368	
-0.252592	0.251280	1.129476	0.010931	-2.802370	-0.469034	-1.542592	-0.084691	1.791056	3.389112	8.867904	4.751557	4.049682	2.835966	8.367756	5.812508	4.044163	-2.371683	3.062053	4.018912	1.986550	0.790203	3.461820	1.045414	0.835720	0.717698	0.358815	0.398587	0.610064	1.174656	-0.192372	0.005640	
-0.223705	0.590088	0.022286	-0.016917	0.485061	0.177839	-1.493162	0.049609	0.560894	-0.361642	1.809911	2.357360	1.882569	1.611095	1.642064	1.282736	0.553300	2.768466	2.435490	0.959604	-0.036438	1.660081	0.560480	-0.069566	-0.029864	-0.016379	-0.051847	-0.075393	-0.155264	-0.121175	-0.153185	-0.026139	

-0.331169	-0.797905	-0.364965	-1.626420	-0.481356	-2.184968	-2.687477	3.944858	-0.122562	-4.509325	1.802209	0.984785	-1.357517	-1.580881	0.338077	3.241310	0.503324	1.000816	0.055553	-1.960529	1.659517	1.516425	-4.270247	0.990757	0.149327	1.247534	-0.295593	2.183220	-0.262652	0.291279	0.017973	-0.065740	
-0.625706	-1.103351	-4.428221	-1.853650	-2.479527	-10.691490	-10.228772	-6.691300	-8.634230	-8.295150	-5.771271	-1.257161	0.008499	-14.051780	-5.275590	-2.934936	-4.961761	-2.076673	-15.418993	-14.716581	-8.182259	-11.604877	-6.435842	-3.626735	-4.688490	-7.068592	-4.565404	1.002352	0.188567	0.802793	0.684334	0.012752	
-0.548115	-1.021362	-4.187895	2.212671	5.073838	8.116034	6.138237	-24.428840	0.113180	2.291651	-3.649504	-4.459960	-0.695739	-21.315392	-28.386685	-15.379006	-20.911845	-2.754721	-4.229119	5.103642	6.800459	-7.384267	-0.581818	3.974710	-5.328753	-6.293982	-2.621241	0.891938	1.555140	0.405056	1.502569	-0.336628	
-0.811713	-0.997214	0.761470	-0.556437	-13.056044	-6.174199	-0.576867	-19.541905	16.826247	-3.095377	1.759610	7.688451	16.964946	9.650173	12.538494	-21.638329	11.812455	-15.997726	-2.065297	0.879023	12.787046	-27.765471	-2.986584	-14.867353	-17.793882	-4.914195	-7.684909	-2.854055	-1.396171	0.479665	1.631870	0.632448	
-0.624601	-2.655075	8.738554	-5.496053	-0.524491	33.539043	8.304434	-10.010145	-13.926878	-19.956508	3.189974	-2.799672	28.358078	-1.965015	15.056166	-10.329574	42.247196	-28.083492	-10.074782	-6.550954	-3.031163	-5.205309	10.252892	28.158866	25.895703	9.853337	2.626817	0.028014	2.943133	3.061494	1.541814	0.335637	
0.944344	-3.821097	-9.412963	-13.234555	-2.850717	-15.645771	-37.413231	-26.667009	-13.888399	-3.606790	24.740325	-60.666606	18.200051	-36.985210	-17.269959	-17.290948	0.243437	-64.957959	-42.630159	-14.661546	-3.490306	5.833166	-19.435322	-35.260706	-5.513512	-16.231704	0.219784	1.487196	2.979662	0.377789	2.260486	-0.278965	
2.057768	1.471152	-0.397525	-9.805991	13.883022	9.732729	-18.087306	21.829500	26.153036	-69.198533	83.371616	-37.201219	17.065376	16.734300	29.698466	-0.509975	78.678930	-10.961689	68.472216	6.793301	62.562405	19.259404	28.549035	-35.915081	-14.956513	2.048654	20.172052	1.104014	5.165117	-1.828931	1.745504	0.388765	
-4.673967	-21.322195	2.257277	-22.673156	11.166426	26.083256	19.033776	-31.209482	68.645946	-94.812822	2.190226	-84.017721	-21.238423	-79.953782	-32.170012	-36.483226	57.620594	-81.846600	4.171608	-111.485601	14.040271	-38.744057	54.427895	-16.457173	16.401004	-32.218425	-23.434564	-12.193626	3.619671	5.036261	1.517977	1.209859	
3.238779	-16.849554	14.785299	-5.398294	4.529851	0.615526	-37.122291	-44.490413	73.710852	-93.212901	22.094125	-39.397789	67.397660	-47.320057	-15.955017	-87.188713	118.620248	-49.024324	44.397771	2.129372	26.137205	8.256059	26.897598	-41.586886	-2.606262	-26.426952	4.813125	8.916466	19.501827	11.935870	-0.274064	2.451147	
-0.847778	-19.911076	-13.501536	-19.014160	-9.278596	22.908896	32.205709	-49.320197	86.867786	-54.459213	-17.840561	-73.296175	16.605655	-57.570393	11.082715	-29.492241	62.611652	-45.921560	41.093313	-26.883192	-29.739300	7.357484	51.455927	-16.252074	-21.574229	-16.328235	3.373508	-11.196783	8.817231	-2.685760	-0.940573	1.374048	
-2.726371	-0.865419	4.143327	11.839427	14.890391	16.470059	18.947645	-39.023862	47.361747	-6.994018	44.489628	-37.437264	70.653770	-44.539216	34.288540	8.739246	90.404082	-7.955504	67.516123	86.675088	35.295513	40.352524	33.704667	27.110379	25.428070	-22.251209	2.704919	3.263467	0.183442	14.554362	-0.122610	0.704101	
-1.339106	-7.888179	1.727233	1.259344	-5.990217	34.838902	-11.405458	17.706847	29.411218	-55.519680	57.362143	-76.213844	6.644560	-26.898365	-55.570981	-43.978024	73.599495	-23.152175	-5.217549	-71.316543	-67.595063	-42.266959	-25.232581	-43.093998	-18.333388	-60.485715	6.562754	-4.716033	6.429775	5.353650	1.588737	-0.171028	
-3.185568	-12.958304	1.473399	11.734229	10.857297	54.885435	-2.611022	-82.257643	13.557781	-27.907243	112.856642	-37.338375	59.322988	45.088365	15.944356	-52.842076	68.711180	-82.722485	79.449979	-20.425245	37.422657	-0.061171	120.762662	61.067357	3.226977	15.727638	19.989187	15.051918	-10.762791	-5.117654	2.702829	-0.236673	
-1.511874	-10.608205	16.240254	2.463981	-2.298821	-13.047650	-8.489397	-19.715286	45.480871	-31.917703	21.946723	-58.150772	13.785134	-78.511530	-0.709681	-2.627164	48.017534	28.567139	143.397566	18.987314	6.138477	-38.886090	27.326170	-21.706638	20.599661	-8.427756	-19.828147	5.679560	-2.907085	1.498219	0.284520	1.144296	
1.421908	-5.873470	1.751269	3.302733	-17.436127	-5.026944	57.473422	45.630010	-9.202065	-156.676393	-25.699793	-48.739619	122.488844	-43.518110	15.472450	-2.643283	-66.600577	-35.417116	-35.372572	-73.034421	7.716207	56.452122	13.112085	0.058051	-29.511081	-23.395420	-30.855268	20.751932	10.997007	1.048907	1.177677	-0.824656	
0.943254	-11.635482	-9.534338	40.017542	17.473193	-47.041789	74.230586	7.484304	2.830669	-45.554727	96.472347	-9.532365	68.948145	-68.607530	-7.684374	61.862396	57.872507	45.851170	34.683275	28.827291	128.978606	-25.150537	68.357065	28.719835	8.059501	-16.711466	-1.438582	-6.849554	-6.901586	6.080928	6.575450	1.186693	
-0.839061	-9.952221	18.155025	43.182718	-9.779979	-121.695972	71.257041	-62.714845	-51.486780	-7.345217	115.949213	-57.667105	65.042210	-25.683676	-41.151974	142.516555	34.766984	-77.694318	-68.432838	62.233591	-2.532337	-51.862810	-39.432349	10.458345	-3.142737	-47.401487	-1.123127	15.562621	0.142643	-0.178849	-2.064527	-1.580468	
0.313609	-15.627871	18.315764	9.918479	-14.638675	-7.069121	81.269027	19.995555	12.962627	-52.459838	47.189241	-136.848992	-57.777893	-49.821243	-38.839034	-80.388967	10.159201	2.903135	6.552406	74.309807	-41.202746	27.056280	25.244166	1.172259	-34.709783	-26.769784	-6.388991	15.985379	19.262467	10.361933	-4.347736	1.490743	
0.853344	-22.595569	0.793923	29.586375	6.670833	-47.757524	10.521547	-54.306226	68.653734	-23.927348	70.984471	-11.428317	109.751367	-61.503886	134.896763	12.442165	45.028249	110.809298	-4.635112	-48.066795	97.280041	64.958368	69.033909	62.191615	-16.066419	-16.392075	1.535575	-3.985467	-2.770106	5.763359	-4.315738	0.911934	
2.771709	-7.823356	4.551755	23.641621	-16.856579	-16.740564	108.068627	8.392253	53.804663	7.508304	-13.262862	29.703936	91.265023	-134.442168	4.404194	-50.827907	-92.473348	-47.246517	-6.238079	-46.717034	42.638545	-49.236830	55.076091	53.925590	52.532314	-31.622285	10.650965	-1.802888	-11.324600	10.735747	0.592224	0.175567	
-5.632580	0.408184	0.066834	17.293668	16.658232	8.243910	62.668619	-24.961515	44.770124	18.703787	50.318429	8.339315	132.039795	-39.181919	69.662715	-46.826861	17.723357	-26.569534	36.129645	71.422202	39.951945	54.417673	106.660410	6.983448	16.596818	-24.484779	-16.307742	10.146956	13.172235	13.622822	-2.109530	-1.278251	
-1.564825	-3.006669	-13.266814	26.089692	16.511126	-68.771683	-69.732561	7.792014	46.792701	-46.361630	56.731878	-30.459000	119.433020	-63.208585	-17.148811	30.120441	64.111810	-55.735208	21.927178	-96.504074	36.923136	8.067576	47.658881	-42.899182	12.397821	-17.743206	6.082436	14.954488	16.474236	5.947025	-3.075514	2.026319	
-7.639253	1.342416	-16.265157	16.773562	77.314218	-3.741116	-7.024592	65.193238	78.913171	-28.442267	-9.215267	-57.046721	104.748818	-3.094071	-12.751584	104.864467	61.202153	-58.815416	36.878263	-7.850932	126.208486	8.977632	54.984114	-11.263705	26.184321	0.777174	16.976131	3.055972	2.743801	-7.499824	-0.909199	1.321317	
-6.753044	9.301252	12.255995	-21.068976	35.381837	-41.882091	-32.828189	-49.440278	9.402020	-35.317077	-10.015129	71.296445	129.738922	-22.956592	11.386162	-24.804889	-39.834096	-71.263119	22.924551	-8.950956	81.134498	-72.722232	23.829527	8.026069	27.432270	-1.699895	-11.970713	-23.457165	8.332464	-0.124197	-0.082508	-0.831170	
-5.373965	-3.455253	22.463464	-26.488196	9.807594	27.625691	6.951400	-36.478530	41.456463	-27.970348	-3.946923	16.930047	71.832053	-22.024185	78.215832	-17.090656	39.925735	10.762815	33.437255	-50.282081	78.959646	-17.260995	-34.251333	20.933954	40.091247	-30.384715	0.303911	-9.902495	6.602479	4.505109	-2.205950	-0.534635	
-3.690082	-4.390269	4.689520	-18.463329	6.582959	-0.226647	-2.419733	-34.424889	51.836881	-50.935514	-5.293491	12.892970	36.899614	-62.720871	93.572532	-66.113460	15.046342	-14.622143	-19.950441	-37.445913	39.263573	-53.017833	-8.963508	22.242717	27.209215	-7.164248	18.404707	1.117499	-2.283554	-3.202028	1.840085	0.916229	
-2.217894	0.277931	8.728386	-10.112931	16.784179	29.157766	-9.886099	-8.698563	61.656425	-29.755595	50.743198	50.124669	40.715673	-26.574024	83.731968	-17.992384	49.179731	9.507087	16.001501	10.551427	57.806760	6.722792	25.915523	2.238631	10.667816	6.573585	-0.855797	-2.854098	7.406050	0.039346	0.431456	0.078729	
-0.579244	-4.105620	8.375303	-4.628010	4.014546	12.128232	-7.870165	-2.310925	28.729056	-20.687700	0.137657	3.989379	3.757876	-26.446879	40.806453	12.096291	16.210220	22.606113	23.967343	1.625430	22.875945	12.296254	11.529803	7.288228	10.230529	18.297426	1.241344	-8.932357	4.881744	-2.136432	-2.785980	-0.100898	
2.235183	-0.557703	-1.542938	-1.672542	-0.424570	12.394838	-4.527709	-0.025238	4.349855	7.246084	-14.520987	-2.446135	1.524833	9.653579	3.017040	2.176662	-1.774552	1.684208	-8.933686	-3.326627	-8.573320	-5.383918	-2.387457	-3.162677	-9.872664	-5.404739	-4.418970	1.526637	-4.512206	-1.012479	-1.498080	0.166662	
-0.102952	-1.187878	0.692073	-1.450425	0.858019	2.805013	-4.447301	-3.143171	-2.418917	7.793911	-7.563073	-0.787047	-3.619532	-9.053280	-8.398948	-9.417421	-4.347916	-4.432122	-1.910986	1.665855	-7.928207	-1.995033	0.743401	-4.928150	-2.485450	-0.927738	-2.289049	0.081544	-1.478843	0.091834	-0.266447	-0.193928	
0.127531	0.209357	1.364388	-1.395122	-2.554510	0.766072	-1.109739	1.442283	-1.389145	-0.794427	-0.717559	0.428450	2.650852	-3.286887	3.324015	-1.248928	-2.017871	-2.317945	3.290364	1.570093	-3.417757	1.529432	2.203485	-1.362919	-0.403331	0.575921	0.223437	-0.537575	-0.821832	0.416491	-0.716807	-0.186888	
0.006377	-0.190084	-0.386631	-0.161498	-0.161549	1.819862	-0.995295	0.971789	0.849663	-1.313069	0.498067	0.700451	1.044410	-0.657570	-0.204707	-0.667379	-2.100585	0.805903	2.107674	-0.509206	-1.881778	1.556894	0.683302	-0.205716	-0.046358	-0.011356	-0.460936	-0.502965	-0.342341	-0.034351	-0.192947	-0.024469	

-0.053266	-0.297162	0.116867	0.118029	0.027361	-1.008421	-1.889600	1.514027	3.811529	1.249165	-0.324751	0.916039	0.552597	0.211081	5.380536	1.209223	4.752856	-0.991592	-0.015201	-0.282244	7.147553	6.608597	0.766486	0.158323	-0.562860	0.581211	0.720844	1.297005	0.009811	0.278451	0.045178	0.027396	
-0.244855	-0.112843	-2.051495	0.053322	0.030066	-7.158519	-10.674707	-6.848914	-2.720026	-9.771005	-2.057561	1.670404	3.027971	-7.125566	-6.390889	3.022157	-0.517831	1.068865	-1.709054	-9.831744	-0.162001	-10.329762	-2.460402	-0.505031	-0.930131	-2.027055	-0.838742	1.514458	0.287804	-0.219730	0.341265	0.059905	
0.522507	0.316978	-4.980130	2.254561	4.895577	1.610363	-2.191186	-16.569261	-8.604044	-16.199533	-6.339228	-14.156920	-5.721389	-16.869478	-15.565927	-15.545312	-8.429542	-7.963640	7.439088	-8.982084	-5.641683	-14.202901	0.143845	-0.255057	-3.329000	3.353938	1.854551	5.696688	3.151955	1.517088	0.095367	-0.090908	
1.000859	-3.672158	5.555731	-0.588675	-15.783586	1.391485	3.026396	-2.653770	17.807863	-4.349259	-11.355322	-8.922863	9.945379	16.244619	32.098097	-18.839546	-2.684534	-4.169236	0.867553	6.629532	-8.594894	-25.428114	-10.876764	-1.597759	-13.705381	3.548780	-1.565915	3.823890	-1.698569	-1.591620	-1.858085	0.302713	
-0.250244	-3.220619	5.433490	-3.906157	-9.633615	-5.029887	1.983183	-7.057064	-1.096154	-22.327746	16.529491	-20.246451	14.907080	-17.084755	18.988138	-0.377408	36.657015	-34.695685	-8.281453	-11.187937	-16.794617	-38.437242	25.364935	5.440928	17.456531	-0.885327	-7.232953	-1.721648	2.136602	3.262689	-0.092632	-0.137363	
-0.443505	-2.060425	-9.501273	-16.108734	-5.696740	-42.417221	-44.491921	-11.537448	-7.378110	-1.703145	56.849409	-41.328692	-11.877491	-62.807057	-62.472644	-10.024907	0.631099	-45.746110	-12.595026	-16.490212	-18.284022	-29.016511	9.020667	-16.449761	-16.615837	-23.841323	-12.949081	-8.238705	-3.960006	1.914247	2.476942	-0.337870	
0.678115	2.176077	-9.322621	-24.988642	1.149561	-26.183781	2.305111	-6.363666	15.005103	-35.015650	107.583947	-35.450966	10.566122	-19.401771	43.983982	9.751127	20.616732	-30.411184	46.126584	-9.730182	19.841236	-51.108349	34.036295	-49.074219	-14.313382	-3.912621	18.902362	8.456741	-2.845911	1.148019	0.989046	1.095693	
-4.039948	-8.073769	8.946182	-17.456343	12.805140	1.357786	24.916594	-29.454450	60.377542	-40.489745	29.799250	-32.206394	4.156917	-48.043346	-15.179958	-26.982442	15.727372	-40.697634	16.248908	-12.710140	-3.851390	-41.694570	2.911310	-3.096708	9.327653	-6.743094	-4.313879	0.962325	-1.436071	3.149174	-0.657589	1.189773	
-2.367777	-12.952343	-9.443837	13.364601	9.434398	-28.108364	-36.410361	-52.305268	65.189236	-109.180686	0.436115	-36.344447	33.648134	-25.086745	6.090324	-25.635987	33.834647	-63.838397	41.548897	11.985859	23.559830	-38.425244	27.004915	-13.688851	26.352215	5.260317	23.520404	3.181057	7.479665	1.739983	-1.596554	1.252119	
0.365483	-6.467121	-22.877798	-19.191641	-26.900161	-37.868284	40.032543	-85.561000	-14.754229	-64.919401	-56.052780	-90.457061	-21.406386	-19.180005	6.734116	-24.917066	-66.698378	-104.870530	-36.695021	-73.744224	-80.196016	-34.511480	8.656721	5.940190	-14.375277	2.564245	2.152896	-6.802791	-2.373633	-0.642394	-0.580355	0.529814	
-3.360121	-7.256999	-17.773805	-8.725523	-14.906112	-26.583943	-15.507087	-77.148589	-17.073183	-64.951360	-9.049352	-17.207064	45.064614	-59.370074	-31.955405	-69.081912	-30.188055	-106.790413	-1.834683	-22.870682	-45.867120	-72.737416	-9.303029	-59.757285	-4.773554	-10.520147	21.919142	-5.677253	-14.403631	3.347099	-0.154039	0.105288	
-0.673697	-8.472336	-4.095919	-5.827287	-26.753417	-22.365586	2.211185	13.540521	-7.755911	-83.553080	47.174702	-27.239530	-26.183057	-78.941954	-95.373732	-38.174740	9.154271	-61.718200	-19.834772	-62.989476	-42.226850	-34.941406	-65.517847	-19.562459	-37.139111	-23.432489	-8.321959	0.565557	-12.017490	-5.871900	-0.902764	-0.132637	
-3.999747	-13.587710	-11.311988	8.268373	-2.367840	15.515018	14.772676	-57.398429	29.591054	-91.770364	28.091527	-108.860799	-69.027511	-73.239085	-45.799939	-27.040764	66.885779	-105.983968	27.250175	-40.377948	17.725873	-73.013042	63.922862	38.714327	23.368610	10.473653	17.538130	8.540359	-12.415316	-8.644699	0.483816	1.548571	
-0.709244	-8.952274	5.358702	-17.374598	-42.649387	-45.552183	-3.562996	-70.030384	-4.586489	-49.095361	6.381459	-19.862853	15.890660	-30.252554	-56.058176	-15.454631	3.452118	-6.384296	58.017130	-44.754539	-40.951529	-79.852222	-19.136113	-31.795129	1.392424	25.112094	-37.367549	-7.851139	-2.903382	6.037056	-1.264153	-0.677363	
0.191080	-0.421715	-14.136228	-17.387722	-42.821086	-29.257631	26.029894	-21.942951	-37.746017	-63.346802	-17.869818	-60.903130	51.788501	-67.583387	-18.992034	-26.594666	-80.119971	-55.675862	-38.579869	-88.673969	-48.698180	22.429046	10.813382	-31.230291	-18.404697	-13.792124	-24.568837	-10.629751	6.640282	3.913832	-2.014127	-2.963707	
-3.158395	-14.338715	-20.928841	11.590045	31.014414	-47.127357	60.908971	-55.011746	22.077182	-1.952308	50.430105	-58.031520	-66.427298	-62.335302	-99.426453	42.723038	31.651462	19.710232	8.908436	45.669404	58.903709	-21.423006	-13.028076	4.279143	-1.717695	10.606905	24.107730	14.869701	-10.010384	-1.901727	-0.738191	0.140882	
-2.396292	-11.287535	-9.703733	-7.713128	-14.735936	-83.017605	71.809978	-115.016191	-58.471591	-7.383607	96.890828	-76.334762	-28.028181	-44.689086	-88.496408	57.337988	-0.031797	-130.101817	-88.764505	108.221809	13.848728	-78.673955	-9.098128	-9.267666	1.989079	-34.848064	15.141668	6.945425	-12.034411	1.729003	-2.190066	1.424892	
-2.031925	-9.929608	1.079526	-22.307631	-43.233509	-45.571247	34.149761	-54.300571	-17.950270	-57.031899	36.817353	-79.013998	-75.780762	0.029468	14.897687	-162.184495	-91.470512	-104.005544	-43.719637	-43.170871	-93.607352	-20.303273	24.023432	-13.616220	-56.562410	-29.289023	-20.021311	-13.015091	-8.795523	8.983733	-4.540081	3.371313	
-2.344387	-14.529972	-27.569831	-8.717556	-3.103210	-17.274298	-40.156243	-68.418250	-2.142080	-94.310089	-40.518342	7.988863	83.657406	-45.168846	115.601646	-45.086291	-49.436756	25.222321	-80.830855	-96.395000	11.614542	9.681745	24.484004	-56.947428	-26.813706	-26.782722	9.883713	-6.283383	-8.779052	-3.720859	-7.459510	-0.720789	
2.012128	-10.037562	-17.251687	-3.550357	-24.053190	-25.998232	70.587739	-86.088908	-26.600455	-75.451758	-98.580227	-9.913568	10.166908	-90.153776	12.701484	-18.356619	-77.177773	-6.887124	-55.125395	-46.636380	24.572829	-91.579411	-50.682364	-58.720906	-7.733255	-21.744433	-13.816343	9.201244	-14.353975	4.996722	-3.577229	-1.741107	
-3.654705	5.629160	-5.693729	-0.138761	-14.834675	-37.273063	11.284028	-69.464115	-26.151182	-49.701164	17.067498	-102.994291	-16.526297	-93.046720	-53.380199	-33.250968	26.313615	-12.717695	38.685156	21.923935	12.951211	-27.107513	57.690531	-69.191833	5.705768	-16.317652	-9.849551	-13.182135	-2.213766	-3.295201	-3.023304	0.231880	
-0.395495	-4.779128	-22.595097	-10.540939	21.763492	-85.591665	-82.399589	20.813490	-17.737440	-78.759786	27.201445	-44.883363	-63.514693	-102.162429	-88.068897	-17.814847	15.052221	-41.698274	0.591906	-115.704583	-53.449887	-39.932625	-0.885485	-37.478728	8.998196	-3.465527	-14.185872	-9.916785	1.051759	0.780803	-3.521754	2.087444	
-3.182998	-7.285232	-27.996893	-22.476066	45.743587	-41.697793	-36.597527	20.540061	60.315724	-14.480401	2.499999	-40.617849	17.977100	-47.244222	-65.299600	54.851811	50.593512	-23.687881	14.380662	-73.688818	7.389976	-21.736713	-17.090239	-30.602745	5.533764	3.904022	15.688575	11.171067	0.779472	-11.784760	-2.262212	-0.850969	
-4.855746	-4.291158	2.035654	-33.226884	22.672461	-46.858845	-15.458398	-41.792286	21.495519	-27.658290	-25.406871	71.902488	40.004721	-57.002724	6.692082	-50.797999	14.115378	-53.324680	8.308279	6.530959	52.195479	-30.721465	25.286301	2.725817	0.636659	4.730646	-12.611405	3.953664	9.221503	4.947448	0.160103	-1.232983	
-1.073859	-0.606318	15.689559	-32.564436	-9.164632	8.637970	5.725156	-51.260954	30.343467	-5.005718	-52.456724	-49.759814	-56.164601	-99.041009	42.178609	-39.271422	17.807938	-27.525114	-13.468085	-32.694823	51.221699	-29.828756	-8.256216	-1.268894	3.919857	-18.819021	4.761493	0.698453	2.421863	-2.765907	-0.838752	0.089321	
-0.121485	-11.353487	-2.205840	-18.513729	-9.895243	-11.671955	-18.687051	-13.815950	23.789832	-58.851578	-56.620021	-56.559915	-45.966672	-85.837851	31.002595	-76.065697	-22.730703	-47.706013	-73.613154	-30.224117	-25.474581	-62.189168	-37.151688	1.879261	-17.053152	-21.068320	-7.207707	1.925369	-8.506256	-7.021999	-0.639455	-0.079310	
-2.023432	-3.055698	-1.964972	-16.934792	-20.230754	-5.427347	-36.623203	-29.278227	4.876323	-69.004993	-22.601652	13.353795	-10.217785	-68.732641	-6.102935	-65.278148	-24.039901	-39.486301	-35.308508	-28.946561	-33.032459	-38.978636	-24.167329	-25.926728	-13.119487	0.398825	-14.932411	-6.645364	4.196769	-1.686263	-0.059203	-0.246716	
-0.330712	-3.045439	1.024886	-9.175984	-11.554259	-2.348873	-29.567671	-3.039497	-4.555004	-33.895165	-23.393977	-10.380794	-5.280320	-21.578780	-6.767370	-6.093705	-9.737356	16.974579	5.609498	-8.877230	0.724275	8.281324	-13.638250	2.326457	-0.601876	15.516423	-5.511551	-1.172862	2.599888	1.505775	-1.397420	0.530094	
0.982725	0.396232	-2.596940	-4.208221	-8.652884	-0.714868	-8.443704	9.401776	-8.067695	6.472317	-7.540510	2.157542	5.311118	11.481255	5.537255	3.614756	1.434656	7.146725	1.162163	8.597050	0.480843	2.055995	3.641330	4.180786	-2.277440	0.689194	-0.351696	6.739687	-2.376297	-1.408494	-0.006208	0.269109	
-0.493295	-0.329886	0.070287	-2.683430	-0.311456	2.622357	0.697848	0.540795	-1.023349	9.336796	-5.333269	3.657834	-1.308578	-3.098928	1.674883	2.638950	8.770934	-2.174721	-1.831014	7.367783	1.646473	2.598087	2.983637	0.806942	1.518879	0.202734	-1.155060	3.113989	-0.408809	0.840952	0.151152	0.056649	
0.107061	0.816323	1.401863	-1.055525	-1.906478	0.227794	1.781649	2.619510	-0.075883	0.329898	1.235401	1.501484	-0.209396	-2.986296	1.735765	-1.661319	-3.135160	-1.500937	0.590102	-0.997705	-1.762549	3.008434	0.593192	-0.018940	0.554940	0.733604	0.306166	-0.242777	1.090411	0.779926	-0.111645	0.012091	
0.093426	0.065342	-0.383041	0.352598	0.224429	1.316127	-0.505984	0.659696	0.125299	-1.746847	-0.443483	0.486574	-0.604546	0.002913	-0.341578	-1.102699	-1.658501	0.557954	1.184067	-0.911230	-0.598564	0.195740	0.184090	-0.507189	-0.063222	0.002990	-0.068394	-0.153675	-0.059790	0.204716	-0.038336	0.123670	

