82	480	481	482	483	484	485	486	487	488	489	490	491	492	493	494	495	496	497	498	479	478	477	466	458	459	460	461	
462	463	464	465	467	476	468	469	470	471	472	473	474	475	499	501	544	502	525	526	527	528	529	530	531	532	533	534	
535	536	537	538	539	540	541	542	543	524	523	522	511	503	504	505	506	507	508	509	510	512	521	513	514	515	516	517	
518	519	520	457	456	455	454	391	392	393	394	395	396	397	398	400	409	401	402	403	404	405	406	407	408	390	399	389	
377	369	370	371	372	373	374	375	376	378	387	379	380	381	382	383	384	385	386	388	410	411	412	435	436	437	438	439	
440	441	442	443	444	445	446	447	448	449	450	665	34	31	46	15	4	722	18	676	715	655	451	452	453	434	433	432	
421	413	414	415	416	417	418	419	422	673	685	714	708	737	719	680	724	711	688	2	12	27	65	431	423	424	425	426	
427	428	429	430	500	545	582	547	651	679	734	767	778	776	732	712	684	55	5	14	21	6	63	649	650	648	646	645	
652	643	640	639	634	637	636	635	644	706	9	720	764	731	669	690	667	25	678	717	713	17	45	642	641	638	647	632	
610	569	570	571	572	573	574	575	576	653	60	52	64	578	587	579	580	661	677	755	759	671	660	581	633	583	584	585	
586	568	567	566	565	548	549	550	551	552	553	554	555	556	557	558	559	657	716	709	745	696	560	561	562	563	564	577	
588	589	590	613	614	615	616	617	618	619	620	622	631	623	624	625	54	707	710	747	744	666	626	627	628	629	630	612	
621	611	599	591	592	593	594	595	596	597	598	600	609	601	695	697	781	735	691	703	1	66	602	603	604	605	606	607	
608	368	420	366	310	134	135	136	137	39	11	38	693	777	768	779	780	723	7	26	40	138	139	140	141	142	143	367	
145	146	147	148	149	150	133	132	675	32	56	664	705	756	783	773	742	28	0	131	121	114	115	116	117	118	119	120	
122	130	123	124	125	126	127	128	668	43	23	746	749	769	782	775	753	658	3	22	129	151	152	153	154	176	177	178	
179	180	181	182	183	184	185	186	187	68	24	682	58	689	681	61	672	33	10	674	188	189	190	191	192	175	193	174	
172	155	156	157	158	159	160	161	162	163	164	165	112	167	168	169	50	37	748	692	170	171	113	173	111	97	72	71	
73	70	78	77	76	75	74	80	69	79	81	96	83	109	108	107	670	67	771	727	106	105	104	103	102	101	100	99	
98	110	95	94	93	92	59	8	48	91	90	89	88	87	86	30	53	751	721	701	85	84	166	194	280	196	304	305	
306	307	308	309	195	694	654	47	42	311	313	322	314	57	683	740	733	770	752	44	315	316	317	318	319	320	321	303	
302	301	300	283	284	739	741	758	699	19	36	20	51	687	766	772	760	698	663	285	286	287	288	289	290	291	292	293	
294	295	296	297	298	702	725	729	761	718	730	16	754	728	743	750	659	656	299	312	324	355	325	347	348	349	350	351	
352	353	354	356	365	35	726	762	774	763	765	736	704	41	13	49	357	358	359	360	361	362	363	364	346	345	344	343	
326	327	328	329	330	331	62	686	738	757	700	29	662	332	333	334	335	336	337	338	339	340	341	342	282	323	281	237	
218	219	220	221	222	223	224	225	227	236	228	229	230	231	232	233	234	235	217	216	215	214	197	198	199	200	201	202	
203	204	205	206	207	208	209	210	211	212	213	226	238	269	239	261	262	263	264	265	266	267	268	270	279	271	272	273	
274	275	276	277	278	260	259	258	257	240	241	242	243	244	245	246	247	248	249	250	251	252	253	254	255	256	144	546	
