109	568	567	559	558	557	572	587	581	580	579	577	576	575	574	573	532	531	530	521	520	519	525	535	543	545	551	540	
539	538	630	631	632	633	635	636	637	646	647	648	626	607	605	604	603	602	601	600	606	599	594	593	592	598	614	613	
612	610	518	589	516	517	424	423	421	420	441	440	439	443	436	434	433	432	431	430	429	410	426	409	378	377	376	375	
381	391	392	405	404	403	402	397	396	395	394	393	408	494	493	492	497	490	487	486	485	506	505	504	503	502	501	482	
498	481	462	460	473	479	472	627	444	465	466	467	468	469	470	46	682	713	40	50	474	475	476	477	478	464	471	463	
453	447	448	449	450	451	452	454	461	455	456	457	458	459	689	753	12	32	758	729	508	515	509	510	511	512	513	514	
500	507	499	489	483	484	488	491	495	496	446	480	445	688	696	38	30	681	737	768	699	663	398	400	407	401	406	399	
379	380	382	389	383	384	385	386	387	388	390	661	674	707	4	13	731	680	679	766	723	692	437	438	442	428	435	427	
417	411	412	413	414	415	416	418	425	419	422	5	11	728	697	749	760	687	31	733	747	43	611	615	617	624	618	619	
620	621	622	623	609	616	608	595	596	597	693	9	715	718	24	19	6	8	671	698	772	740	640	657	656	655	654	653	
652	651	650	649	645	644	658	643	641	34	2	0	26	16	660	25	15	45	639	638	734	675	706	629	642	659	628	634	
591	625	590	588	537	541	542	544	39	742	14	37	683	18	546	547	548	549	550	536	691	736	735	522	523	524	526	533	
527	528	529	534	552	553	554	49	28	757	777	712	672	667	578	582	583	584	585	586	3	743	714	571	570	561	555	556	
560	562	569	563	564	565	566	690	765	767	709	372	313	132	133	134	135	136	137	138	665	711	732	139	141	150	142	373	
144	145	146	147	148	149	131	695	750	779	130	129	128	111	112	113	114	115	116	117	773	782	722	118	119	120	121	122	
123	124	125	126	127	140	677	717	775	23	152	183	153	175	176	177	178	179	180	181	776	783	739	182	184	193	185	186	
187	188	189	190	191	192	668	759	751	684	174	173	172	171	154	155	156	157	44	7	781	771	670	158	159	160	161	162	
163	164	165	166	194	167	710	764	721	168	169	170	110	151	99	57	61	47	701	774	752	704	62	63	73	66	67	68	
69	70	71	74	72	64	719	778	725	91	76	75	106	105	104	103	17	29	770	685	108	97	95	94	93	107	92	90	
88	87	86	85	84	83	708	748	762	82	81	80	79	78	77	20	730	724	726	55	89	96	98	100	101	102	54	52	
53	56	65	60	59	58	673	686	720	703	666	669	21	676	22	727	744	705	664	283	196	308	309	310	311	312	195	314	
315	317	326	318	319	320	41	700	716	780	35	745	746	1	754	738	694	321	322	323	324	325	307	316	306	294	286	287	
288	289	290	291	292	293	678	51	741	763	756	769	761	702	36	295	304	296	297	298	299	300	301	302	303	305	327	328	
329	352	353	354	355	356	357	662	27	48	33	755	10	42	358	359	360	361	362	363	364	365	366	367	368	369	370	351	
350	349	338	330	331	332	333	334	335	336	337	339	348	340	341	342	343	344	345	346	347	285	371	284	282	219	220	221	
222	223	224	225	226	228	237	229	230	231	232	233	234	235	236	218	227	217	205	197	198	199	200	201	202	203	204	206	
215	207	208	209	210	211	212	213	214	216	238	239	240	263	264	265	266	267	268	269	270	271	272	273	274	275	276	277	
278	279	280	281	262	261	260	249	241	242	243	244	245	246	247	248	250	259	251	252	253	254	255	256	257	258	143	374	
