197	505	506	507	508	509	510	511	512	513	515	525	516	517	518	519	520	521	522	523	524	504	514	503	490	481	482	483	
484	485	486	487	488	489	491	501	492	493	494	495	496	497	498	499	500	502	526	527	528	553	554	555	556	557	558	559	
560	561	562	563	564	565	566	567	568	569	570	571	572	573	552	551	550	538	529	530	531	532	533	534	535	536	537	539	
549	540	541	542	543	544	545	546	547	548	480	479	478	430	409	410	411	412	413	414	415	416	417	419	429	420	421	422	
423	424	425	426	427	428	408	418	407	394	385	386	387	388	389	390	391	392	393	395	405	396	397	398	399	400	401	402	
403	404	406	431	454	432	457	458	459	460	461	462	463	464	465	467	477	468	469	470	471	472	473	474	475	476	456	466	
455	442	433	434	435	436	437	438	439	440	441	443	453	444	445	446	447	384	449	450	451	452	574	575	607	672	671	670	
669	668	667	666	665	664	663	662	661	660	659	658	19	713	741	780	777	737	712	22	35	654	653	650	649	675	647	646	
645	644	673	674	686	676	693	695	691	690	694	34	774	757	776	779	758	778	722	740	20	685	684	683	682	681	680	679	
678	677	643	648	641	608	606	605	604	698	727	769	753	742	707	53	47	755	37	715	719	598	597	596	595	594	593	592	
591	590	589	588	587	586	585	584	583	31	7	710	11	39	582	581	18	731	732	751	716	577	609	640	610	639	638	637	
636	635	634	633	632	631	630	629	745	5	0	8	699	626	625	624	725	720	44	733	621	620	619	618	617	613	612	611	
601	689	614	615	616	622	623	55	739	763	4	702	627	628	711	728	771	10	26	578	579	580	599	600	642	602	603	687	
688	692	697	696	651	652	36	25	730	718	655	656	657	700	764	749	735	43	46	448	137	138	139	140	141	142	143	383	
145	146	147	148	149	150	42	762	768	726	705	743	717	736	752	48	773	708	151	152	153	136	135	134	124	117	118	119	
120	121	122	123	125	133	45	747	775	781	770	783	782	772	765	14	734	126	127	128	129	130	131	132	154	156	195	157	
178	179	180	181	182	183	184	729	1	766	767	759	54	49	9	12	704	185	186	187	188	189	190	191	192	193	194	177	
176	175	165	158	159	160	161	162	163	164	115	174	167	28	2	30	16	168	169	170	171	172	173	116	155	80	79	77	
76	75	71	70	68	81	58	61	67	63	69	82	98	17	746	27	50	111	110	109	105	104	103	97	96	95	114	92	
91	90	89	87	86	85	60	112	88	93	94	99	113	100	3	6	41	101	102	106	107	108	83	84	65	64	62	66	
59	57	56	72	73	74	78	166	196	289	198	315	316	23	760	724	51	382	317	318	319	320	321	322	323	324	325	326	
327	328	329	330	331	332	333	314	334	313	311	292	293	21	750	754	703	294	295	296	297	298	299	300	301	302	303	304	
305	306	307	308	309	310	312	335	336	337	361	362	363	709	13	15	38	364	365	366	367	368	369	371	381	372	373	374	
375	376	377	378	379	380	360	359	358	357	338	339	340	341	29	723	33	342	343	344	345	346	347	348	349	350	351	352	
353	354	355	356	291	370	290	277	222	223	224	225	226	227	721	40	24	32	228	229	230	231	232	233	234	235	236	237	
238	239	240	221	241	220	218	199	200	201	202	203	204	205	701	756	744	738	706	206	207	208	209	210	211	212	213	214	
215	216	217	219	242	243	244	268	269	270	271	272	273	274	275	52	748	761	714	276	278	288	279	280	281	282	283	284	
285	286	287	267	266	265	264	245	246	247	248	249	250	251	252	253	254	255	256	257	258	259	260	261	262	263	144	576	
