107	491	492	493	494	495	496	497	498	499	501	511	502	503	504	505	506	507	508	509	510	490	489	488	487	468	469	470	
471	472	473	474	475	476	477	478	479	480	481	482	483	484	485	486	500	512	513	514	539	540	541	542	543	544	545	546	
547	549	559	550	551	552	553	554	555	556	557	558	538	548	537	524	515	516	517	518	519	520	521	522	523	525	535	526	
527	528	529	530	531	532	533	534	467	466	465	418	397	398	399	400	401	402	403	404	405	407	417	408	409	410	411	412	
413	414	415	416	396	395	394	393	374	375	376	377	378	379	380	381	382	383	384	385	386	387	388	389	390	391	392	406	
419	453	420	444	445	446	447	448	449	450	451	452	454	464	455	456	457	458	459	41	702	10	30	460	461	462	463	443	
442	441	440	421	422	423	424	425	426	427	428	429	430	431	432	680	687	701	695	33	720	17	43	434	435	436	437	438	
439	536	560	599	562	645	644	643	642	639	638	26	724	672	689	743	780	723	15	22	713	14	46	624	647	666	670	667	
665	663	661	659	658	657	656	655	654	653	652	703	745	37	728	779	717	754	737	34	725	698	573	572	571	570	569	568	
567	566	565	564	563	588	613	612	611	610	756	739	16	0	6	42	606	24	716	750	774	682	598	597	596	595	594	593	
592	620	604	600	601	602	603	605	618	607	719	706	708	38	608	609	21	4	722	761	741	614	615	616	617	591	590	589	
574	575	576	577	578	579	580	581	582	583	704	715	762	730	676	35	13	727	778	740	584	585	586	587	619	623	621	650	
651	662	668	669	664	649	660	633	622	648	679	29	732	781	25	5	729	712	681	625	626	627	628	629	630	631	632	634	
646	635	636	637	640	641	373	433	371	305	130	693	685	777	776	744	710	700	675	131	132	133	134	135	136	137	138	372	
140	141	142	143	144	145	146	129	147	128	126	11	690	734	766	27	1	684	109	110	111	112	113	114	115	116	117	118	
119	120	121	122	123	124	125	127	149	169	40	18	23	721	711	12	150	172	173	174	175	176	177	178	179	180	181	182	
183	184	185	186	187	188	171	189	170	168	692	735	742	757	696	45	151	152	153	154	155	156	157	158	159	160	161	162	
163	164	165	190	166	167	108	148	44	751	769	763	31	19	2	691	63	62	60	73	59	54	48	49	50	51	52	58	
53	55	56	61	74	104	102	101	678	759	782	758	673	686	671	28	99	98	96	95	94	93	92	105	91	89	88	87	
86	81	80	78	77	75	90	697	772	775	688	674	36	8	747	738	79	82	83	84	85	97	100	103	76	106	57	64	
65	66	67	68	69	70	71	694	783	768	72	47	32	746	760	718	348	192	191	306	307	308	309	310	311	312	313	314	
315	316	317	318	319	320	321	731	773	736	677	20	9	771	726	322	323	304	303	302	291	283	284	285	286	287	288	289	
290	292	301	293	294	295	296	753	767	765	748	709	764	699	297	298	299	300	324	325	326	327	351	352	353	354	355	356	
357	358	359	360	361	362	363	705	714	755	749	770	752	683	364	365	366	367	368	369	350	370	349	347	328	329	330	331	
332	333	334	335	336	337	338	39	707	3	7	733	339	340	341	342	343	344	345	346	282	281	280	235	215	216	217	218	
219	220	221	222	223	224	225	226	227	228	229	230	231	232	233	214	213	212	201	193	194	195	196	197	198	199	200	202	
211	203	204	205	206	207	208	209	210	234	236	279	237	260	261	262	263	264	265	266	267	268	269	270	271	272	273	274	
275	276	277	278	259	258	257	246	238	239	240	241	242	243	244	245	247	256	248	249	250	251	252	253	254	255	139	561	
