374	496	497	498	499	500	501	502	503	504	506	516	507	508	509	510	511	512	513	514	515	495	505	494	481	472	473	474	
475	476	477	478	479	480	482	492	483	484	485	486	487	488	489	490	491	493	518	541	519	544	545	546	547	548	549	550	
551	552	554	564	555	556	557	558	559	560	561	562	563	543	553	542	529	520	521	522	523	524	525	526	527	528	530	540	
531	532	533	534	535	536	537	538	539	471	470	469	445	400	401	402	403	404	405	406	407	408	410	420	411	412	413	414	
415	416	417	418	419	399	398	397	396	377	378	379	380	381	382	383	384	385	386	387	388	389	390	391	392	393	394	395	
409	421	422	423	448	449	450	451	452	453	454	455	456	458	468	459	460	461	462	463	464	465	466	467	447	457	446	433	
424	425	426	427	428	429	430	431	432	434	444	435	436	376	437	438	439	440	441	442	443	517	565	583	567	665	669	676	
675	666	673	672	678	674	677	663	662	637	638	642	643	644	645	18	717	3	2	7	5	660	661	664	641	659	658	657	
656	654	653	652	651	650	649	648	647	646	640	639	28	723	21	720	729	760	742	740	730	12	668	670	671	667	636	655	
634	625	597	596	595	594	593	592	31	706	737	762	725	778	758	756	781	772	766	774	767	727	591	590	589	588	587	586	
585	584	598	635	581	580	579	689	721	776	743	770	783	690	700	38	36	687	747	757	752	722	578	577	576	575	574	573	
572	571	570	569	568	582	599	724	779	745	748	782	695	704	600	601	619	29	715	769	681	694	620	621	622	623	624	626	
633	627	628	629	630	631	683	763	773	738	734	710	632	618	617	616	615	8	739	26	30	614	613	612	611	610	609	608	
607	606	605	604	603	602	765	777	780	6	4	132	133	134	135	20	691	679	1	693	703	137	138	139	140	141	142	375	
144	145	146	147	131	149	697	705	16	24	130	128	111	112	113	15	14	733	25	682	114	115	116	117	118	119	120	121	
122	123	124	125	126	127	129	150	151	152	174	175	176	177	33	709	755	775	701	178	179	180	181	183	192	184	185	186	
187	188	189	190	191	173	172	171	170	153	154	155	156	157	680	0	749	13	159	160	161	162	163	164	109	166	167	168	
169	110	182	108	93	51	52	53	54	55	56	57	58	718	741	771	759	692	59	60	61	62	63	64	69	65	66	67	
50	68	43	40	39	47	48	42	45	46	41	44	37	714	768	754	17	35	98	71	91	92	70	94	95	96	97	99	
107	100	101	102	103	104	105	106	90	89	88	32	726	751	688	23	27	75	76	77	78	79	80	81	82	83	84	85	
86	165	193	351	195	194	309	310	311	312	684	10	753	744	9	34	315	316	317	318	319	320	321	322	323	324	325	326	
307	306	305	294	286	287	288	289	290	291	685	728	719	11	292	293	295	304	296	297	298	299	300	301	302	303	327	328	
329	330	354	355	356	357	358	359	360	702	735	764	746	22	361	362	363	364	365	366	367	368	369	370	371	372	353	373	
352	350	331	332	333	334	335	336	337	698	750	716	708	338	339	340	341	342	343	344	345	346	347	348	349	285	284	283	
238	218	219	220	221	222	223	224	696	761	686	731	711	225	226	227	228	229	230	231	232	233	234	235	236	217	216	215	
204	196	197	198	199	200	201	202	707	736	713	699	203	205	214	206	207	208	209	210	211	212	213	237	239	282	240	263	
264	265	266	267	268	269	270	271	712	732	19	272	273	274	275	276	277	278	279	280	281	262	261	260	249	241	242	243	
244	245	246	247	248	250	259	251	252	253	254	255	256	257	258	49	308	314	313	74	73	72	87	158	148	136	143	566	
