120	505	506	507	508	509	510	511	512	514	523	515	516	517	518	519	520	521	522	504	513	503	491	483	484	485	486	487	
488	489	490	492	501	493	494	495	496	497	498	499	500	502	524	525	526	549	550	551	552	553	554	555	556	557	558	559	
560	561	562	563	564	565	566	567	548	547	546	535	527	528	529	530	531	532	533	534	536	545	537	538	539	540	541	542	
543	544	482	481	480	436	417	418	419	420	421	422	423	424	426	435	427	428	429	430	431	432	433	434	416	425	415	403	
395	396	397	398	399	400	401	402	404	413	405	406	407	408	409	410	411	412	414	437	458	438	461	462	463	464	465	466	
467	468	470	479	471	472	473	474	475	476	477	478	709	719	81	71	48	79	10	711	758	778	781	755	460	469	459	447	
439	440	441	442	443	444	445	446	52	722	39	36	69	8	731	742	769	728	777	763	783	782	768	748	457	449	450	451	
452	453	454	455	456	568	569	55	12	4	1	3	7	16	772	774	766	779	756	770	734	741	46	674	668	669	670	671	
658	647	649	656	654	676	657	54	0	2	9	6	30	58	764	757	5	738	697	692	691	693	689	688	683	682	681	680	
679	678	641	655	639	604	589	640	41	753	63	771	739	21	72	594	61	716	603	597	598	601	602	588	587	586	585	584	
583	582	581	580	579	578	571	576	575	720	708	776	780	15	595	605	606	624	625	626	627	628	629	631	638	632	633	634	
635	636	637	623	622	621	620	619	618	617	616	765	773	27	78	613	612	608	607	590	703	609	610	611	615	630	574	577	
600	599	596	593	592	591	684	685	686	687	690	83	730	759	43	694	701	698	700	696	695	677	675	653	652	651	650	646	
645	644	643	642	673	672	667	665	664	663	662	660	721	767	754	23	42	84	614	572	573	702	699	648	666	659	661	393	
448	392	334	146	147	148	149	150	151	152	153	154	155	717	38	762	760	747	75	156	157	158	159	160	161	162	163	164	
165	166	145	144	143	131	122	123	124	125	126	127	128	129	725	40	735	751	726	68	130	132	142	133	134	135	136	137	
138	139	140	141	167	168	169	170	196	197	198	199	200	201	202	80	733	775	744	56	203	204	205	206	207	208	209	210	
211	212	213	214	215	216	195	217	194	192	171	172	173	174	175	176	177	76	724	59	713	178	179	180	181	218	183	184	
185	186	187	188	189	190	191	121	193	119	105	87	86	89	718	67	29	44	26	752	706	88	104	91	117	116	115	114	
113	112	111	110	109	108	107	106	118	90	103	102	70	49	737	11	13	47	17	746	101	100	99	98	97	96	95	94	
93	92	182	305	220	329	330	331	332	333	85	50	32	31	35	24	37	729	60	219	335	336	338	347	339	340	341	342	
343	344	345	346	328	327	326	325	704	73	45	715	750	736	761	745	82	705	308	309	310	311	312	313	314	315	316	317	
318	319	320	321	322	323	74	33	732	25	62	727	740	749	723	710	324	337	348	349	350	373	374	375	376	377	378	379	
380	382	391	383	64	53	57	14	22	714	28	743	65	712	384	385	386	387	388	389	390	372	381	371	359	351	352	353	
354	355	356	357	34	19	51	18	20	77	66	707	358	360	369	361	362	363	364	365	366	367	368	307	370	306	283	242	
243	244	245	246	247	248	249	251	260	252	253	254	255	256	257	258	259	241	240	239	238	221	222	223	224	225	226	227	
228	229	230	231	232	233	234	235	236	237	250	261	262	263	286	287	288	289	290	291	292	293	295	304	296	297	298	299	
300	301	302	303	285	294	284	272	264	265	266	267	268	269	270	271	273	282	274	275	276	277	278	279	280	281	394	570	
