191	496	497	498	499	500	501	502	503	504	506	516	507	508	509	510	511	512	513	514	515	495	505	494	481	472	473	474	
475	476	477	478	479	480	482	492	483	484	485	486	487	488	489	490	491	493	517	518	519	544	545	546	547	548	549	550	
551	552	553	554	555	556	557	558	559	560	561	562	563	564	543	542	541	529	520	521	522	523	524	525	526	527	528	530	
540	531	532	533	534	535	536	537	538	539	471	565	470	468	399	400	401	402	403	404	405	406	407	409	419	410	411	412	
413	414	415	416	417	418	398	408	397	384	375	376	377	378	379	380	381	382	383	385	395	386	387	388	389	390	391	392	
393	394	396	420	421	422	447	448	449	450	451	452	453	454	455	701	693	700	69	680	456	457	458	459	460	461	462	463	
464	465	466	467	446	445	444	432	423	424	425	426	427	68	28	18	5	22	12	24	428	429	430	431	433	443	434	435	
436	437	438	439	440	567	442	469	566	678	679	55	31	7	8	15	6	19	27	26	54	675	672	676	670	660	653	656	
671	657	658	659	667	666	665	664	663	76	30	10	17	14	21	29	52	72	51	37	57	662	669	661	655	654	677	674	
673	652	668	650	608	590	591	592	593	58	9	13	1	16	20	73	594	63	33	25	82	595	596	597	598	599	568	600	
601	602	603	604	605	606	589	607	588	3	2	0	4	36	698	586	569	61	728	35	59	570	571	572	573	574	575	576	
577	578	579	580	581	582	583	584	585	44	11	23	48	587	609	629	610	50	751	683	65	632	633	634	635	636	637	638	
639	640	641	642	643	644	645	646	647	648	631	649	630	628	611	612	613	64	56	45	704	614	615	616	617	618	619	620	
621	622	623	624	625	626	627	374	441	372	308	139	140	712	723	707	709	62	724	70	83	141	142	143	144	146	153	373	
148	149	150	151	152	138	145	137	127	121	694	78	66	771	768	767	49	691	40	695	122	123	124	125	126	128	135	129	
130	131	132	133	134	136	155	172	80	684	746	734	753	774	777	749	736	34	685	38	81	156	175	176	177	178	179	180	
182	189	183	184	185	186	187	688	710	756	743	737	719	188	713	762	699	43	41	725	74	681	174	181	173	163	157	158	
159	160	161	162	164	171	687	745	759	39	738	692	119	717	781	775	47	60	53	42	32	703	706	67	726	166	167	168	
169	170	120	154	118	686	711	773	747	744	697	107	741	780	782	752	716	86	690	705	71	739	765	776	779	87	84	85	
117	89	116	115	114	720	740	769	721	708	750	764	783	758	748	714	113	112	111	110	109	722	729	760	718	108	88	106	
105	104	103	102	101	742	730	772	763	770	778	727	766	733	689	100	99	98	97	96	95	94	93	92	91	90	165	190	
281	192	306	307	309	754	755	757	46	761	715	702	75	79	310	311	312	313	314	315	316	317	318	319	320	321	322	323	
324	305	304	303	292	696	731	735	732	77	682	284	285	286	287	288	289	290	291	293	302	294	295	296	297	298	299	300	
301	325	326	327	328	352	353	354	355	356	357	358	359	360	361	362	363	364	365	366	367	368	369	370	351	371	350	348	
329	330	331	332	333	334	335	336	337	338	339	340	341	342	343	344	345	346	347	283	349	282	258	215	216	217	218	219	
220	221	222	223	224	225	226	227	228	229	230	231	232	233	214	213	212	201	193	194	195	196	197	198	199	200	202	211	
203	204	205	206	207	208	209	210	234	235	236	237	261	262	263	264	265	266	267	268	269	270	271	272	273	274	275	276	
277	278	279	260	280	259	257	238	239	240	241	242	243	244	245	246	247	248	249	250	251	252	253	254	255	256	147	651	
