190	494	495	496	497	498	499	500	501	502	503	504	505	506	507	508	509	510	511	512	493	513	492	490	471	472	473	474	
475	476	477	478	479	480	481	482	483	484	485	486	487	488	489	491	515	537	516	540	541	542	543	544	545	546	547	548	
549	550	551	552	553	554	555	556	557	558	539	559	538	536	517	518	734	782	783	519	520	521	522	523	524	525	526	527	
528	529	530	531	532	533	534	535	470	514	469	422	402	403	404	773	776	781	772	405	406	407	408	409	410	411	412	413	
414	415	416	417	418	419	420	401	421	400	398	379	380	694	722	760	758	706	692	381	382	383	384	385	386	387	388	389	
390	391	392	393	394	395	396	397	399	423	445	424	696	713	716	744	721	719	448	449	450	451	452	453	454	455	456	457	
458	459	460	461	462	463	464	465	466	447	467	446	695	53	704	36	44	444	425	426	427	428	429	430	431	432	433	434	
435	378	437	438	439	440	441	442	443	468	560	60	2	22	3	64	603	562	674	673	672	671	670	669	668	667	666	665	
664	677	663	661	660	659	658	657	656	655	654	41	8	6	62	653	652	651	662	676	686	678	685	684	683	682	681	680	
679	687	688	650	675	648	604	585	586	587	56	9	7	51	588	589	590	591	592	594	649	595	596	597	598	599	600	601	
602	584	593	583	571	563	564	565	566	50	25	34	54	69	567	568	569	570	572	581	573	574	575	576	577	578	579	580	
582	605	626	606	629	630	631	632	65	52	23	700	42	633	634	635	636	28	39	55	638	647	639	640	641	642	643	644	
645	646	628	637	627	615	607	608	72	720	63	756	718	609	610	21	11	10	5	13	26	71	611	612	613	614	616	625	
617	618	619	620	621	622	623	624	61	737	764	780	705	436	49	12	1	17	4	31	32	707	710	153	152	151	150	377	
148	147	146	145	144	143	142	693	708	732	779	762	141	691	57	0	20	19	38	58	45	723	709	140	139	138	137	136	
135	134	133	132	131	130	129	698	748	751	766	128	699	33	70	24	27	68	48	15	728	66	127	126	125	154	155	156	
157	187	186	185	184	183	182	717	752	750	181	180	29	46	37	59	179	43	40	739	689	178	177	176	123	175	174	188	
173	171	170	169	168	167	166	736	724	712	165	702	18	16	35	164	67	47	729	725	163	162	161	160	159	158	124	172	
122	99	90	89	88	87	86	749	759	763	83	726	730	14	30	697	746	740	703	690	78	91	76	73	81	107	94	120	
118	115	114	113	112	111	110	711	743	769	738	757	778	765	731	761	745	733	109	121	108	106	105	104	103	102	101	95	
93	96	97	98	100	116	117	715	747	770	774	767	777	768	755	775	735	119	92	74	75	79	80	77	82	84	85	189	
329	376	191	308	309	310	311	312	701	753	727	771	754	741	742	714	313	314	315	316	318	328	319	320	321	322	323	324	
325	326	327	307	306	305	304	285	286	287	288	289	290	291	292	293	294	295	296	297	298	299	300	301	302	303	317	330	
364	331	355	356	357	358	359	360	361	362	363	365	375	366	367	368	369	370	371	372	373	374	354	353	352	351	332	333	
334	335	336	337	338	339	340	341	342	343	344	345	346	347	348	349	350	284	283	282	270	215	216	217	218	219	220	221	
222	223	224	225	226	227	228	229	230	231	232	233	214	234	213	211	192	193	194	195	196	197	198	199	200	201	202	203	
204	205	206	207	208	209	210	212	235	236	237	261	262	263	264	265	266	267	268	269	271	281	272	273	274	275	276	277	
278	279	280	260	259	258	257	238	239	240	241	242	243	244	245	246	247	248	249	250	251	252	253	254	255	256	149	561	
