192	496	497	498	499	500	501	502	503	504	505	506	507	508	509	510	511	512	513	514	515	516	495	494	493	481	472	473	
474	475	476	477	478	479	480	482	492	483	484	485	486	487	488	489	490	491	517	519	566	520	545	546	547	548	549	550	
551	552	553	554	555	556	557	558	559	560	561	562	563	564	565	544	543	542	530	521	522	523	524	525	526	527	528	529	
531	541	532	533	534	535	536	537	538	539	540	471	470	469	468	399	400	401	402	403	404	405	406	407	409	419	410	411	
412	413	414	415	416	417	418	398	408	397	384	375	376	377	378	379	380	381	382	383	385	395	386	387	388	389	390	391	
392	393	394	396	420	421	422	447	448	449	450	451	452	453	454	697	687	708	70	81	455	456	457	458	459	460	461	462	
463	464	465	466	467	446	445	444	432	423	424	425	426	68	22	19	7	21	11	20	427	428	429	430	431	433	443	434	
435	436	437	438	439	440	568	442	518	567	674	56	23	5	9	17	6	27	29	28	52	673	672	671	670	669	668	667	
666	665	664	663	662	661	660	677	658	73	26	10	15	12	25	30	58	71	698	44	60	657	656	655	654	675	676	679	
678	653	659	651	609	591	592	593	594	55	8	14	0	16	18	64	595	69	34	31	686	596	597	598	569	599	600	601	
602	603	604	605	606	607	590	608	589	3	2	1	4	38	695	587	570	61	719	37	65	571	572	573	574	575	576	577	
578	579	580	581	582	583	584	585	586	47	13	24	48	588	610	630	611	46	749	715	72	633	634	635	636	637	638	639	
640	641	642	643	644	645	646	647	648	649	632	650	631	629	612	613	614	53	41	33	710	615	616	617	618	619	620	621	
622	623	624	625	626	627	628	374	441	372	308	140	141	82	77	50	63	51	683	694	80	142	143	144	145	147	154	373	
149	150	151	152	153	139	146	138	128	122	699	76	62	753	746	747	42	692	32	703	123	124	125	126	127	129	136	130	
131	132	133	134	135	137	156	173	83	702	766	740	744	761	773	727	732	35	67	39	79	157	176	177	178	179	180	181	
183	190	184	185	186	187	188	691	722	755	751	741	714	189	706	759	704	45	49	743	685	680	175	182	174	164	158	159	
160	161	162	163	120	172	689	750	765	43	737	693	166	716	781	769	57	700	681	59	36	718	707	66	723	167	168	169	
170	171	121	155	119	684	713	779	757	745	701	117	736	778	782	760	720	97	690	705	54	734	767	775	780	95	94	93	
116	106	101	84	102	728	738	772	724	711	756	770	783	768	748	712	103	104	105	107	108	725	729	762	721	110	118	111	
112	113	114	115	100	739	735	774	764	771	777	733	776	742	688	109	99	85	86	87	88	89	90	98	91	92	96	165	
191	349	193	306	307	754	758	752	40	763	709	717	75	78	309	310	311	312	313	314	315	316	317	318	319	320	321	322	
323	324	305	304	303	696	726	731	730	74	682	292	284	285	286	287	288	289	290	291	293	302	294	295	296	297	298	299	
300	301	325	326	327	328	352	353	354	355	356	357	358	359	360	361	362	363	364	365	366	367	368	369	370	351	371	350	
348	329	330	331	332	333	334	335	336	337	338	339	340	341	342	343	344	345	346	347	283	282	281	236	216	217	218	219	
220	221	222	223	224	225	226	227	228	229	230	231	232	233	234	215	214	213	202	194	195	196	197	198	199	200	201	203	
212	204	205	206	207	208	209	210	211	235	237	280	238	261	262	263	264	265	266	267	268	269	270	271	272	273	274	275	
276	277	278	279	260	259	258	247	239	240	241	242	243	244	245	246	248	257	249	250	251	252	253	254	255	256	148	652	
