205	585	584	583	582	602	601	600	599	598	597	569	568	535	534	540	549	550	551	555	657	656	655	621	620	618	617	640	
639	636	635	634	631	630	629	628	533	532	531	456	426	424	423	421	436	438	439	454	453	452	451	450	449	448	447	446	
445	419	396	394	393	392	391	389	388	386	385	384	390	411	410	409	404	403	402	437	457	512	458	510	509	508	507	498	
497	496	511	472	471	470	469	468	467	481	480	479	478	477	644	682	482	483	484	485	486	487	488	489	490	491	476	475	
474	465	459	460	461	462	463	464	466	473	492	493	494	495	515	516	517	518	519	520	521	522	523	524	525	526	527	528	
529	514	530	513	499	500	501	502	503	504	505	506	688	701	695	706	741	42	715	61	709	725	15	17	405	406	407	408	
412	413	414	415	416	401	400	399	699	698	712	753	720	776	747	710	23	44	22	38	37	30	8	21	398	395	397	417	
418	420	440	441	442	443	444	714	771	765	742	739	779	39	757	40	47	724	722	692	717	52	56	455	422	425	427	428	
429	430	431	432	433	434	435	702	740	43	691	12	754	736	737	728	25	772	632	633	637	638	641	642	627	643	626	624	
609	610	611	612	613	614	615	616	58	685	18	20	7	697	63	619	716	708	622	623	625	645	663	646	666	667	668	669	
670	671	672	673	674	675	676	677	678	46	59	5	0	33	679	680	665	681	664	662	647	648	649	650	651	652	653	654	
658	659	660	661	608	607	606	587	552	553	554	2	1	3	689	556	557	558	559	560	561	562	563	564	565	566	536	537	
538	539	541	548	542	543	544	545	546	547	567	50	4	707	759	570	590	591	592	593	594	595	596	603	604	589	605	588	
586	571	572	573	574	575	576	577	578	579	580	581	48	764	780	777	752	683	387	381	326	136	137	138	139	140	141	382	
143	144	146	156	147	148	149	150	151	152	153	154	155	761	782	783	735	732	704	135	134	133	132	113	114	115	116	117	
118	119	120	121	122	123	124	125	126	127	128	129	130	131	748	778	770	711	763	690	145	158	192	159	183	184	185	186	
187	188	189	190	191	193	203	194	195	196	197	198	199	200	201	700	726	718	27	53	202	182	181	180	179	160	161	162	
163	164	165	166	167	168	169	170	171	172	173	174	175	111	177	178	112	34	60	26	54	157	110	71	72	77	65	81	
78	82	96	84	108	83	106	105	104	103	102	100	109	97	756	719	64	41	727	751	687	91	90	89	88	87	86	85	
107	94	99	101	67	68	69	76	79	80	70	66	705	49	760	738	45	729	773	723	73	95	92	93	98	75	74	176	
204	380	206	317	318	319	320	321	322	323	696	24	13	29	766	35	767	758	730	324	335	327	328	329	330	331	332	333	
334	316	325	315	303	295	296	297	693	713	694	10	19	6	14	731	721	684	298	299	300	301	302	304	313	305	306	307	
308	309	310	311	312	314	703	755	774	745	51	11	28	9	32	62	336	337	338	361	362	363	364	365	366	367	368	369	
370	371	372	373	750	768	781	744	743	734	31	16	36	57	374	375	376	377	378	379	360	359	358	347	339	340	341	342	
343	344	345	346	746	775	769	762	749	733	55	686	348	357	349	350	351	352	353	354	355	356	294	293	292	248	229	230	
231	232	233	234	235	236	238	247	239	240	241	242	243	244	245	246	228	237	227	215	207	208	209	210	211	212	213	214	
216	225	217	218	219	220	221	222	223	224	226	249	270	250	273	274	275	276	277	278	279	280	282	291	283	284	285	286	
287	288	289	290	272	281	271	259	251	252	253	254	255	256	257	258	260	269	261	262	263	264	265	266	267	268	142	383	
