94	489	490	491	492	493	494	495	496	497	498	499	500	501	502	503	504	505	506	507	508	509	488	510	487	485	464	465	
466	467	468	469	470	471	472	473	474	475	476	477	478	479	480	481	482	483	484	486	511	512	513	539	540	541	542	543	
544	545	546	547	548	550	561	551	552	553	554	555	556	557	558	559	560	538	537	536	535	514	515	516	517	518	519	520	
521	522	523	524	525	526	527	528	529	530	531	532	533	534	463	549	462	448	388	389	390	391	392	393	394	395	396	397	
398	399	400	401	402	403	404	405	406	407	408	387	409	386	384	363	364	365	366	367	368	369	370	371	372	373	374	375	
376	377	378	379	380	381	382	383	385	410	411	412	438	439	440	441	442	443	444	445	11	735	711	446	447	449	460	450	
451	452	453	454	714	715	455	456	457	458	459	437	436	435	434	413	414	415	416	417	737	775	716	418	419	420	421	422	
423	424	425	426	749	724	428	429	430	431	432	433	461	562	611	564	651	650	649	15	769	763	698	646	645	644	643	640	
652	639	637	636	754	690	631	630	629	654	627	626	638	653	677	676	675	674	673	685	780	739	662	661	660	659	658	664	
667	668	671	625	712	713	622	590	589	588	624	586	585	584	583	582	581	580	579	764	778	10	578	576	575	574	571	570	
569	568	567	687	741	705	565	577	592	593	594	621	620	619	618	617	616	615	614	773	776	697	610	608	607	606	605	604	
603	596	595	725	770	727	655	587	597	598	599	600	601	602	609	612	613	566	707	777	781	681	572	573	591	623	628	656	
679	666	657	742	774	746	663	665	678	669	670	672	632	633	634	635	641	642	759	783	767	683	647	648	362	427	360	296	
118	119	120	695	726	691	121	122	123	124	125	127	136	128	129	14	744	745	753	757	731	130	131	132	133	134	135	361	
126	116	104	710	772	706	96	97	98	718	719	736	740	694	779	8	750	709	768	751	688	99	100	101	102	103	105	114	
106	107	108	729	730	703	734	733	782	722	747	765	762	702	748	738	699	684	686	3	109	110	111	112	113	115	137	138	
139	162	163	164	752	743	723	758	728	6	692	701	165	166	167	168	169	693	700	680	170	171	172	173	174	175	176	177	
178	179	180	161	160	159	148	140	141	142	143	144	145	146	147	149	158	760	755	12	150	151	152	153	154	155	156	95	
181	93	78	34	35	36	37	38	39	40	41	42	43	44	45	46	47	1	761	704	49	50	32	33	51	31	18	19	
20	30	22	21	23	24	25	26	27	28	29	52	92	54	53	76	77	5	13	696	79	80	81	82	83	85	86	87	
88	89	90	91	74	73	72	62	55	56	57	58	59	60	61	63	71	717	766	720	64	65	66	68	69	70	16	75	
67	84	17	48	157	182	271	184	183	297	298	299	300	301	302	303	305	756	771	2	314	306	307	308	309	310	311	312	
313	295	304	294	282	274	275	276	277	278	279	280	281	283	292	284	285	689	732	9	286	287	288	289	290	291	293	315	
316	317	340	341	342	343	344	345	346	347	348	349	350	351	352	353	354	0	682	7	355	356	357	358	339	338	337	326	
318	319	320	321	322	323	324	325	327	336	328	329	330	331	332	333	334	4	721	708	335	273	359	272	270	207	208	209	
210	211	212	213	214	216	225	217	218	219	220	221	222	223	224	206	215	205	193	185	186	187	188	189	190	191	192	194	
203	195	196	197	198	199	200	201	202	204	226	227	228	251	252	253	254	255	256	257	258	259	260	261	262	263	264	265	
266	267	268	269	250	249	248	237	229	230	231	232	233	234	235	236	238	247	239	240	241	242	243	244	245	246	117	563	
