187	488	489	490	491	492	493	494	495	496	497	498	499	500	501	502	503	504	505	506	507	508	487	486	485	473	464	465	
466	467	468	469	470	471	472	474	484	475	476	477	478	479	480	481	482	483	509	511	558	512	537	538	539	540	541	542	
543	544	545	546	547	548	549	550	551	552	553	554	555	556	557	536	703	760	776	535	534	522	513	514	515	516	517	518	
519	520	521	523	533	524	525	526	527	528	529	530	531	532	463	673	769	779	747	510	462	412	390	391	392	393	394	395	
396	397	398	399	400	401	402	403	404	405	406	407	408	37	38	21	16	715	670	409	410	389	388	387	375	366	367	368	
369	370	371	372	373	374	376	386	377	378	379	380	15	2	745	744	13	40	381	382	383	384	385	411	413	460	414	439	
440	441	442	443	444	445	446	447	448	449	450	451	33	7	5	4	6	452	453	454	455	456	457	458	459	438	437	436	
424	415	416	417	418	419	420	421	422	423	425	668	44	754	680	10	435	426	427	428	430	431	432	433	434	461	559	585	
561	665	658	660	662	664	667	641	642	643	646	14	704	701	43	648	645	644	640	639	638	637	636	635	634	633	654	653	
663	659	657	656	632	651	630	612	579	580	0	48	710	677	581	582	583	584	588	590	591	592	576	575	574	573	572	571	
570	569	568	567	566	565	564	563	562	41	3	721	691	26	595	615	616	617	618	619	620	622	629	623	624	625	626	627	
628	614	621	613	603	597	599	600	50	687	772	692	39	602	604	611	605	8	678	1	606	607	608	609	610	587	631	601	
598	596	594	577	578	589	593	586	683	712	736	714	27	661	655	29	698	31	697	778	771	674	650	649	647	652	666	365	
429	363	300	129	130	131	132	133	713	763	748	35	42	134	702	728	679	12	723	719	753	765	676	135	137	145	138	364	
140	141	142	143	144	128	127	686	699	749	755	707	126	685	726	717	775	722	684	51	759	724	681	125	110	111	112	113	
114	115	116	117	118	119	120	24	756	20	708	121	671	11	750	19	28	47	25	696	22	9	122	123	124	136	146	147	
148	169	170	171	172	173	174	729	730	781	175	177	739	733	764	17	185	36	737	766	732	178	179	180	181	182	183	184	
168	176	167	156	149	150	151	34	767	734	152	46	23	751	688	153	693	758	741	718	108	155	157	165	158	159	160	161	
162	163	164	109	166	107	104	768	782	773	57	695	727	777	742	731	770	762	690	675	56	55	60	61	68	69	70	63	
52	58	65	67	66	62	71	682	746	783	689	694	752	740	780	735	49	45	53	59	54	98	74	92	93	94	95	96	
73	97	99	106	100	101	102	672	700	774	720	709	725	711	743	738	705	103	91	90	89	88	87	86	85	84	83	82	
81	80	79	78	77	76	75	72	30	18	669	761	757	716	706	32	105	64	154	186	362	188	299	301	302	303	304	305	
306	308	317	309	310	311	312	313	314	315	316	298	307	297	285	277	278	279	280	281	282	283	284	286	295	287	288	289	
290	291	292	293	294	296	318	319	320	343	344	345	346	347	348	349	350	351	352	353	354	355	356	357	358	359	360	361	
342	341	340	329	321	322	323	324	325	326	327	328	330	339	331	332	333	334	335	336	337	338	276	275	274	230	211	212	
213	214	215	216	217	218	220	229	221	222	223	224	225	226	227	228	210	219	209	197	189	190	191	192	193	194	195	196	
198	207	199	200	201	202	203	204	205	206	208	231	252	232	255	256	257	258	259	260	261	262	264	273	265	266	267	268	
269	270	271	272	254	263	253	241	233	234	235	236	237	238	239	240	242	251	243	244	245	246	247	248	249	250	139	560	
