191	497	498	499	500	501	502	503	504	505	506	507	508	509	510	511	512	513	514	515	516	517	496	495	494	482	473	474	
475	476	477	478	479	480	481	483	493	484	485	486	487	488	489	490	491	492	518	520	567	521	546	547	548	549	550	551	
552	553	554	555	556	557	558	559	560	561	562	563	564	565	566	545	544	543	531	522	523	524	525	526	527	528	529	530	
532	542	533	534	535	536	537	538	539	540	541	472	471	470	469	400	401	402	403	404	405	406	407	408	410	420	411	412	
413	414	415	416	417	418	419	399	409	398	385	376	377	378	379	380	381	382	383	384	386	396	387	388	389	390	391	392	
393	394	395	397	421	422	423	448	449	450	451	452	453	454	455	456	457	458	459	460	461	462	463	464	465	466	467	468	
447	446	445	433	424	425	426	427	428	429	430	431	432	434	444	435	436	437	375	438	439	440	441	442	443	519	568	621	
570	664	665	666	645	651	656	657	655	654	653	652	17	725	750	781	782	730	731	716	13	642	641	640	639	638	637	632	
636	635	634	633	659	668	661	682	681	680	679	715	776	778	783	771	746	773	762	759	28	667	663	662	672	684	671	677	
630	599	597	596	631	594	593	592	591	688	703	780	769	737	721	39	691	717	0	6	712	584	583	582	580	579	578	575	
574	573	572	571	598	600	629	601	628	31	770	757	749	35	624	623	20	742	19	751	700	620	619	618	617	616	615	614	
611	607	606	605	604	603	602	595	739	718	5	707	694	608	609	610	34	724	748	727	612	613	622	625	626	627	576	577	
581	585	586	587	588	589	590	744	728	726	9	689	669	670	702	736	777	29	729	683	674	675	676	678	660	658	643	644	
646	647	648	649	650	673	705	765	18	8	92	98	107	687	768	767	764	30	42	103	102	73	72	168	161	160	156	374	
170	173	154	152	125	150	40	772	763	36	21	709	738	693	756	758	755	696	164	106	104	44	75	180	176	132	119	144	
139	171	43	136	137	138	37	754	735	753	779	775	774	732	699	11	766	140	141	142	143	145	146	147	148	149	135	134	
133	124	118	120	121	122	123	704	720	741	719	752	690	41	2	23	713	126	127	128	129	130	131	151	153	174	175	177	
178	179	181	182	183	184	185	186	187	188	190	189	172	22	3	710	10	157	158	159	162	163	165	166	167	169	117	116	
115	80	61	62	63	64	65	66	67	69	77	70	71	14	7	734	698	74	76	60	59	58	57	45	46	47	48	49	
50	51	52	53	54	55	56	68	78	114	79	99	100	101	4	12	26	105	108	109	110	111	112	113	97	96	87	81	
82	83	84	85	86	88	95	89	90	91	93	94	327	25	708	15	701	192	307	373	308	309	310	311	312	313	314	315	
316	317	318	319	320	321	322	323	324	325	306	326	305	16	1	714	706	303	284	285	286	287	288	289	290	291	292	293	
294	295	296	297	298	299	300	301	302	304	328	350	329	27	733	760	697	353	354	355	356	357	358	359	360	361	362	363	
364	365	366	367	368	369	370	371	352	372	351	349	330	331	723	747	24	332	333	334	335	336	337	338	339	340	341	342	
343	344	345	346	347	348	283	282	281	258	215	216	217	218	711	743	745	695	219	220	221	222	223	224	225	226	227	228	
229	230	231	232	233	214	213	212	201	193	194	195	196	197	686	740	761	32	685	198	199	200	202	211	203	204	205	206	
207	208	209	210	234	235	236	237	261	262	263	264	265	266	267	38	692	722	33	268	269	270	271	272	273	274	275	276	
277	278	279	260	280	259	257	238	239	240	241	242	243	244	245	246	247	248	249	250	251	252	253	254	255	256	155	569	
