111	476	477	478	479	480	481	482	483	485	494	486	487	488	489	490	491	492	493	475	484	474	462	454	455	456	457	458	
459	460	461	463	472	464	465	466	467	468	469	470	471	473	495	496	497	520	521	522	523	524	525	526	527	528	529	530	
531	532	533	534	535	536	537	538	519	518	517	506	498	499	500	501	502	503	504	505	507	516	508	509	510	511	512	513	
514	515	453	452	451	407	388	389	390	391	392	393	394	395	397	406	398	399	400	401	402	403	404	405	387	396	386	374	
366	367	368	369	370	371	372	373	375	384	376	377	378	379	380	381	382	383	385	408	429	409	432	433	434	435	436	437	
438	439	441	450	442	443	444	445	446	447	448	30	19	57	725	726	740	691	683	693	51	54	449	431	440	430	418	410	
411	412	413	414	415	417	419	428	420	650	738	689	13	755	783	779	761	715	721	720	723	675	62	421	422	423	424	425	
426	427	539	540	580	542	619	618	617	749	758	770	782	780	773	717	686	33	6	39	746	695	648	645	633	631	630	629	
628	557	556	555	554	553	552	551	550	708	680	673	778	696	697	694	22	653	663	45	741	9	43	583	582	579	578	577	
576	575	574	573	572	571	570	646	594	60	649	34	652	581	584	585	586	48	12	690	712	656	61	587	588	589	590	591	
592	569	593	568	566	543	544	545	546	547	548	549	558	559	560	561	562	660	735	711	722	662	563	564	565	567	595	620	
596	624	625	626	627	632	635	634	636	637	638	639	640	641	642	643	654	705	742	744	55	52	644	623	621	622	597	598	
599	600	601	602	603	604	605	606	607	608	609	610	611	612	655	731	767	768	700	658	15	56	613	614	615	616	365	416	
363	306	133	134	135	136	137	138	139	27	4	671	718	774	776	736	763	699	31	18	25	141	149	142	143	144	145	364	
147	148	132	140	131	120	113	114	42	5	23	739	760	771	781	775	716	46	7	115	116	117	118	119	121	129	122	123	
124	125	126	127	128	130	151	170	20	16	0	11	766	702	765	753	748	3	10	664	152	173	174	175	176	177	178	179	
181	189	182	183	184	185	186	187	188	35	21	661	24	674	669	28	50	32	17	665	172	180	171	160	153	154	155	156	
190	158	159	161	169	162	163	164	165	166	167	168	112	150	110	99	36	728	704	682	82	81	84	71	70	66	65	64	
85	86	87	108	100	97	96	95	94	93	92	91	90	89	88	63	688	1	756	727	109	98	101	102	103	104	105	106	
107	73	67	68	69	72	59	8	47	74	75	76	77	78	79	651	666	709	751	684	80	83	157	341	192	300	301	302	
303	304	305	191	307	670	743	733	40	309	318	310	311	44	701	681	53	734	754	659	312	313	314	315	316	317	299	298	
297	296	279	280	281	692	730	729	668	14	2	677	679	698	752	710	762	26	29	282	283	284	285	286	287	288	289	290	
291	292	293	294	295	49	714	706	777	687	747	676	769	724	759	750	672	58	308	319	320	321	344	345	346	347	348	349	
350	351	353	362	354	38	667	685	757	732	719	737	745	703	707	37	355	356	357	358	359	360	361	343	352	342	330	322	
323	324	325	326	327	328	647	678	772	764	713	41	657	329	331	340	332	333	334	335	336	337	338	339	278	277	276	233	
214	215	216	217	218	219	220	221	223	232	224	225	226	227	228	229	230	231	213	212	211	210	193	194	195	196	197	198	
199	200	201	202	203	204	205	206	207	208	209	222	234	265	235	257	258	259	260	261	262	263	264	266	275	267	268	269	
270	271	272	273	274	256	255	254	253	236	237	238	239	240	241	242	243	244	245	246	247	248	249	250	251	252	146	541	
