191	487	488	489	490	491	492	493	494	495	496	497	498	499	500	501	502	503	504	505	486	506	485	483	464	465	466	467	
468	469	470	471	472	473	474	475	476	477	478	479	480	481	482	484	507	508	509	533	534	535	536	537	538	539	540	541	
543	553	544	545	546	547	548	549	550	551	552	532	531	530	529	510	511	512	513	514	515	516	517	518	519	520	521	522	
523	524	525	526	527	528	463	462	461	415	395	396	397	398	399	400	401	402	403	404	405	406	407	408	409	410	411	412	
413	394	414	393	391	372	373	374	375	376	377	378	379	380	381	31	32	740	674	36	382	383	384	385	386	387	388	389	
390	392	416	438	417	441	442	443	444	445	446	447	448	449	661	667	20	704	696	690	450	451	452	453	454	455	456	457	
458	459	440	460	439	437	418	419	420	421	422	423	424	671	726	683	8	723	11	775	705	664	371	426	427	428	429	430	
431	432	433	434	435	436	542	554	588	556	632	44	46	711	695	10	756	670	19	734	770	40	622	621	619	633	634	644	
636	653	654	655	649	645	640	639	638	637	611	673	744	755	746	697	741	751	656	728	735	738	558	557	580	581	582	583	
607	606	605	604	602	608	596	594	593	592	679	745	725	691	692	13	698	35	663	693	781	747	648	576	584	585	586	587	
589	590	591	597	598	599	600	601	603	33	4	5	719	27	657	22	717	660	559	560	762	776	702	561	562	563	564	565	
566	567	568	569	570	571	572	573	15	701	3	689	29	658	574	575	610	577	578	579	769	766	727	595	609	641	642	643	
646	647	650	651	652	612	613	45	710	730	688	681	34	21	614	635	615	616	617	618	739	754	760	620	623	624	625	626	
627	628	629	630	631	425	369	677	779	699	676	305	91	90	89	93	94	110	108	112	733	17	714	57	58	48	73	370	
161	156	188	181	178	120	118	780	782	767	116	74	135	136	137	138	139	140	141	142	748	772	778	143	144	145	146	147	
148	149	134	150	133	131	30	764	773	9	117	119	121	122	123	124	125	126	127	128	768	765	737	129	130	132	151	152	
153	173	174	175	176	177	47	759	777	38	179	189	182	183	184	185	186	187	39	2	761	742	662	172	171	170	169	154	
155	190	157	158	159	160	37	771	713	162	163	164	165	166	114	167	168	43	694	715	757	42	115	180	113	50	51	53	
61	62	66	68	70	71	686	783	718	69	67	65	64	63	60	59	1	685	709	7	56	55	54	52	49	103	76	96	
75	97	98	99	100	101	678	749	758	102	104	105	106	107	109	41	736	669	687	111	95	92	77	78	79	80	81	82	
83	84	85	86	87	88	26	752	753	721	675	672	6	665	24	666	722	25	12	324	192	304	306	307	308	309	310	311	
312	313	314	315	316	317	14	729	712	763	28	708	743	0	716	720	707	318	319	320	321	322	303	302	301	290	282	283	
284	285	286	287	288	289	668	703	731	724	774	750	680	706	684	291	300	292	293	294	295	296	297	298	299	323	325	368	
326	349	350	351	352	353	354	659	18	732	16	700	682	23	355	356	357	358	359	360	361	362	363	364	365	366	367	348	
347	346	335	327	328	329	330	331	332	333	334	336	345	337	338	339	340	341	342	343	344	281	280	279	278	215	216	217	
218	219	220	221	222	224	233	225	226	227	228	229	230	231	232	214	223	213	201	193	194	195	196	197	198	199	200	202	
211	203	204	205	206	207	208	209	210	212	234	235	236	259	260	261	262	263	264	265	266	267	268	269	270	271	272	273	
274	275	276	277	258	257	256	245	237	238	239	240	241	242	243	244	246	255	247	248	249	250	251	252	253	254	72	555	
