0.002113	0.000529	-0.002828	-0.007549	-0.012154	-0.006376	0.009174	0.015746	0.005005	0.006761	0.000996	-0.000612	-0.002121	-0.000745	0.000505	0.002705	0.009806	0.013147	0.011884	0.004143	-0.000170	-0.001762	-0.004284	-0.004511	-0.001199	-0.000817	-0.000406	0.000000	
0.003524	-0.005959	-0.032079	-0.023468	-0.003617	0.057546	0.121629	0.105665	0.082083	0.074655	0.065877	0.033353	0.002419	-0.004833	0.016654	0.037570	0.057670	0.052366	0.023099	-0.002107	-0.004539	-0.003487	-0.007221	-0.001623	0.000126	-0.000427	-0.000496	0.000000	
0.002099	-0.022015	-0.036728	0.014975	0.058947	0.054770	0.045328	0.006215	-0.012510	0.026220	0.057370	0.019990	0.007692	0.023965	0.060175	0.055174	0.023603	-0.061596	-0.110209	-0.034519	0.032515	0.037839	0.013492	0.018940	0.015042	0.006324	-0.000763	0.000000	
-0.003869	-0.024902	-0.013824	0.049267	0.021140	-0.105259	-0.261166	-0.291103	-0.200589	-0.114868	-0.031306	0.012500	0.061758	0.087977	0.016846	-0.123308	-0.210224	-0.355334	-0.374517	-0.132867	0.071844	0.164820	0.164126	0.133365	0.071254	0.011164	0.000297	0.000000	
-0.001654	0.014228	0.055158	0.072931	0.020496	-0.163239	-0.298052	-0.145091	-0.069743	-0.107086	0.025225	0.233526	0.220153	0.067689	-0.123851	-0.113427	-0.092070	-0.203947	-0.017651	0.038480	0.014978	0.135601	0.252234	0.117238	0.079693	0.049269	0.008461	0.000000	
-0.008414	0.007695	0.035334	0.049616	0.018904	-0.091348	-0.034740	0.157374	0.180889	0.104837	0.117462	0.214527	0.066928	-0.033822	0.302911	0.601354	0.551692	0.340675	0.413001	-0.125403	-0.877998	-0.814957	-0.540652	-0.284459	-0.053504	0.032975	0.009991	0.000000	
-0.007953	0.017870	0.032374	0.002666	0.022221	0.108803	0.199752	0.209458	0.204124	0.198098	0.137511	-0.050880	-0.134767	0.080773	0.446599	0.511116	-0.053211	0.081471	0.926993	0.600739	-0.406377	-0.859634	-0.693695	-0.356437	-0.120201	-0.054109	-0.004623	-0.000301	
0.006304	0.029541	-0.015101	-0.106702	-0.099987	0.054218	0.186693	0.259346	0.314534	0.293112	-0.103580	-0.544015	-0.137453	0.375111	0.362591	-0.018590	-0.493182	-0.190876	1.030785	1.455325	0.711843	-0.292142	-0.177307	0.050615	0.023606	-0.071688	-0.008694	-0.003371	
-0.001711	0.004220	-0.017836	-0.038447	-0.078923	-0.121736	0.126871	0.553498	0.612129	0.256416	-0.172734	-0.381018	0.059164	0.147237	-0.536798	-1.157710	-1.637407	-1.582040	0.056665	1.172891	1.612361	0.903163	-0.008000	-0.120968	-0.005150	-0.014260	-0.006707	-0.034280	
-0.001682	0.021730	0.066763	0.165509	0.198424	0.201347	0.356268	0.368817	-0.077425	-0.518303	-0.369495	-0.100259	-0.077535	-0.375471	-0.913254	-0.996672	-1.239514	-0.915844	0.031504	1.451066	2.829677	2.678477	0.738265	-0.240393	-0.135772	0.046595	0.015026	-0.029241	
-0.007979	0.063208	0.139629	0.133805	0.121804	0.152568	0.025177	-0.449510	-0.703368	-0.522392	-0.488752	-0.493227	-0.465986	-0.827635	-0.683149	-0.303684	-0.136857	0.006475	0.434657	0.891055	2.393959	2.289055	1.038393	0.091715	0.027536	0.032040	0.004429	-0.020432	
0.003831	0.085120	0.139357	0.071489	0.021460	0.151063	-0.186924	-0.980115	-0.931889	-0.249567	0.208268	0.285780	-0.163634	-0.629705	-0.365072	0.122698	0.155583	0.020234	0.073174	0.415797	0.745670	1.033208	0.572495	0.262388	0.215055	0.127793	-0.005521	-0.014615	
-0.012021	0.073398	0.107151	0.088915	0.179736	0.239963	-0.233404	-1.012627	-0.561197	0.753707	1.406474	1.430022	0.918954	0.220843	-0.017457	0.027399	-0.303812	-0.165123	0.075516	-0.208742	-0.484497	0.057598	0.350960	0.134106	0.140796	0.072682	-0.008565	-0.003737	
-0.002857	0.029612	0.055162	0.117879	0.056909	-0.093775	-0.664518	-0.703896	0.541419	1.848550	1.562645	1.302612	0.742237	0.231260	-0.142836	-0.476601	-1.172638	-1.117040	-1.005815	-1.480984	-1.330329	0.059722	0.608445	0.243425	-0.052625	-0.089825	-0.082495	-0.003047	
-0.032169	-0.038282	-0.043554	-0.085548	-0.207964	-0.557533	-0.641974	0.240579	1.601756	1.192782	0.346995	-0.018500	-0.235301	-0.167725	-0.057703	-0.020314	-0.362563	-1.063412	-1.178850	-1.261431	-0.594030	0.824640	0.621002	0.019291	-0.156899	-0.044517	-0.033002	-0.004841	
-0.005318	-0.002260	-0.068673	-0.161009	-0.067293	-0.109003	-0.416717	0.552855	1.091226	-0.336986	-1.396802	-1.400655	-1.044226	-0.232574	0.288694	0.473347	0.199237	-0.758248	-0.820996	-0.250368	0.529484	0.982152	-0.117934	-0.536357	-0.285410	-0.066301	0.006030	0.001436	
-0.004366	0.007627	-0.047738	0.011568	0.209022	0.118836	0.411809	1.547081	1.372902	-0.492369	-1.171505	-0.592064	-0.070067	0.184389	0.143841	0.251165	-0.019123	-0.663914	0.046157	1.097858	2.096120	1.201892	-0.452400	-0.549852	-0.165308	-0.063768	-0.001601	0.010573	
0.009981	0.055009	0.059098	-0.009200	0.078897	0.329353	1.304749	2.408364	1.606843	0.209044	-0.238603	0.222262	0.272436	0.007340	0.068849	0.190071	0.084881	0.516216	1.431515	2.300513	1.574461	0.203278	-0.609469	-0.380779	-0.113483	-0.080656	-0.026398	0.012061	
-0.005210	0.017453	-0.022869	-0.039611	0.061060	0.188712	0.613178	1.462020	1.348314	0.175761	-0.197421	-0.136592	-0.001839	0.417503	0.575044	0.131574	0.376798	1.136167	1.694107	1.407607	0.551832	-0.195599	-0.166424	-0.153830	-0.107986	-0.070679	-0.027226	0.000640	
-0.037045	-0.097895	-0.147679	-0.063969	-0.025556	-0.106527	-0.127261	0.783692	1.020733	-0.070471	-0.919721	-0.860389	-0.253325	0.448277	0.245080	-0.127107	0.383929	0.983928	0.664687	0.028384	0.021148	0.437293	0.418164	0.186759	-0.038968	-0.037781	0.001952	-0.001415	
-0.010638	-0.003535	-0.007320	0.022389	-0.000625	-0.113179	-0.001887	0.774938	1.497463	0.824024	-0.116245	-0.472278	-0.523214	-0.382469	-0.635429	-0.372865	0.166617	-0.336501	-0.976343	-0.857200	-0.289824	-0.128097	0.138840	0.190111	0.098593	0.013706	0.011027	0.002096	
0.016642	0.057037	0.052860	0.003206	0.080135	0.098241	0.029467	0.499842	1.405924	1.588575	1.052909	0.194550	-0.210653	-0.314314	-0.557349	-0.280243	-0.523640	-1.079709	-1.174860	-0.757951	-0.603906	-0.572212	-0.200700	0.129927	0.106420	0.056639	0.016101	0.000000	
0.006831	0.013641	-0.025274	0.007992	-0.051303	-0.205996	-0.444987	-0.441740	0.265001	1.014808	1.217565	0.805372	0.479837	0.144729	-0.337262	-0.581197	-1.037810	-0.914799	-0.538799	-0.430347	-0.437987	-0.348454	-0.107705	0.049273	0.063301	0.015704	-0.003321	0.000000	
-0.010156	-0.037423	-0.060773	-0.060819	-0.078474	-0.167111	-0.298422	-0.422455	-0.112027	0.319114	0.821526	0.541159	0.148655	-0.078280	-0.220145	-0.311748	-0.208043	-0.149632	-0.197132	-0.161867	-0.157695	-0.003604	-0.073269	-0.035089	0.000569	-0.011250	-0.007731	0.000000	
0.002929	-0.011442	-0.036410	-0.033599	-0.077004	-0.103702	-0.118523	-0.226757	-0.345732	-0.271921	-0.111047	-0.112574	-0.249889	-0.203862	-0.083541	0.166259	0.420777	0.551531	0.650879	0.541762	0.406094	0.141321	-0.003120	-0.024197	0.000000	-0.001580	0.002572	0.000000	
0.005676	0.011214	0.021190	0.005781	-0.030728	-0.014153	-0.041026	-0.102902	-0.186171	-0.281497	-0.255851	-0.192233	-0.098018	-0.019909	0.039558	0.086123	0.223498	0.408685	0.395802	0.326131	0.190297	0.071806	0.050369	0.035326	0.009741	0.003971	0.001853	0.000000	
0.008897	0.021703	0.027641	0.019410	0.028239	0.078282	0.099278	0.056335	-0.002053	-0.082950	-0.068544	-0.008691	0.038119	0.039440	0.023223	0.004413	-0.040182	-0.065854	-0.127907	-0.106938	-0.065771	-0.023357	0.000248	-0.002609	-0.008798	-0.003435	0.001608	0.000000	
0.000000	0.000000	0.000929	0.002407	0.013697	0.027425	0.031153	0.019719	0.014140	-0.006098	-0.017981	-0.028969	-0.008320	0.005061	0.007756	0.023210	0.017842	0.012826	0.000000	0.000000	0.000000	0.000000	0.000000	0.000000	0.000000	0.000000	0.000000	0.000000	
