195	501	502	503	504	505	506	507	508	509	510	511	512	513	514	515	516	517	518	519	520	521	500	499	498	486	477	478	
479	480	481	482	483	484	485	487	497	488	489	490	491	492	493	494	495	496	522	524	571	525	550	551	552	553	554	555	
556	557	558	559	560	561	562	563	564	565	566	567	568	569	570	549	548	547	535	526	527	528	529	530	531	532	533	534	
536	546	537	538	539	540	541	542	543	544	545	476	523	475	425	403	404	405	406	407	408	409	410	411	412	413	414	415	
416	417	418	419	420	421	422	423	402	401	400	388	379	380	381	382	383	384	385	386	387	389	399	390	391	392	393	394	
395	396	397	398	424	426	473	427	452	453	454	455	456	457	458	459	460	461	462	463	464	465	466	467	468	469	470	471	
472	451	450	449	437	428	429	430	431	432	433	434	435	436	438	448	439	440	441	442	443	573	444	445	446	447	474	572	
581	574	671	672	673	674	675	676	680	682	690	685	721	761	15	775	763	729	708	22	724	684	670	677	668	669	648	649	
650	659	660	661	662	663	664	665	666	647	681	710	29	756	717	37	730	18	773	748	26	658	667	657	655	654	653	652	
651	656	683	687	688	689	686	679	678	692	706	738	739	732	47	694	695	752	734	755	753	644	608	593	594	595	596	597	
598	600	607	601	602	603	604	605	606	30	0	40	726	709	592	599	712	747	736	749	693	591	645	575	576	577	578	579	
580	582	589	583	584	585	586	587	771	781	783	772	723	588	590	609	735	778	779	41	626	610	629	630	631	632	633	634	
636	643	637	638	639	640	641	759	782	780	764	701	642	628	46	733	751	766	768	635	627	617	611	612	613	614	615	616	
618	625	619	620	621	622	716	762	769	743	623	624	378	714	28	770	31	727	702	79	97	112	111	110	105	104	59	377	
66	61	58	171	174	188	707	754	767	44	704	39	24	20	13	757	744	742	130	129	126	148	147	154	170	117	138	139	
140	141	142	143	144	146	48	19	765	23	731	737	6	719	5	777	758	149	150	151	152	153	137	136	135	134	119	120	
121	122	123	124	125	127	128	722	760	8	750	17	720	42	7	746	725	131	132	133	145	156	184	157	177	178	179	180	
181	182	183	185	193	186	187	189	190	191	192	176	175	718	2	776	32	173	158	159	160	161	162	163	164	165	166	167	
168	169	194	172	118	155	116	100	52	54	55	56	57	27	745	12	705	63	72	74	60	73	71	70	69	67	65	64	
53	51	50	49	68	75	115	77	98	99	76	101	102	103	10	1	35	106	107	108	109	113	114	96	95	85	78	80	
81	82	83	84	86	94	87	88	89	90	91	92	93	43	16	715	45	285	196	310	311	376	312	313	314	315	316	317	
318	319	320	321	322	323	324	325	326	327	328	309	308	14	3	4	697	307	296	288	289	290	291	292	293	294	295	297	
306	298	299	300	301	302	303	304	305	329	330	331	332	33	728	11	38	356	357	358	359	360	361	362	363	364	365	366	
367	368	369	370	371	372	373	374	355	375	354	352	333	334	34	25	703	335	336	337	338	339	340	341	342	343	344	345	
346	347	348	349	350	351	287	353	286	262	219	220	221	222	21	691	740	36	223	224	225	226	227	228	229	230	231	232	
233	234	235	236	237	218	217	216	205	197	198	199	200	201	699	698	9	696	700	202	203	204	206	215	207	208	209	210	
211	212	213	214	238	239	240	241	265	266	267	268	269	270	271	713	741	774	711	272	273	274	275	276	277	278	279	280	
281	282	283	264	284	263	261	242	243	244	245	246	247	248	249	250	251	252	253	254	255	256	257	258	259	260	62	646	
