203	505	506	507	508	509	510	511	512	513	515	525	516	517	518	519	520	521	522	523	524	504	503	502	501	482	483	484	
485	486	487	488	489	490	491	492	493	494	495	496	497	498	499	500	514	527	561	528	552	553	554	555	556	557	558	559	
560	562	572	563	564	565	566	567	568	569	570	571	551	550	549	548	529	530	531	532	533	534	535	536	537	538	539	540	
541	542	543	544	545	546	547	481	526	480	432	411	412	413	414	415	416	417	418	419	421	431	422	423	424	425	426	427	
428	429	430	410	409	408	407	388	389	390	391	392	393	394	395	396	397	398	399	400	401	402	403	404	405	406	420	433	
467	434	458	459	460	461	462	463	464	465	466	468	478	469	470	471	472	473	474	65	759	728	56	475	476	477	457	456	
455	454	435	436	437	438	439	440	441	442	443	444	445	446	447	62	44	717	47	718	766	22	59	449	450	451	452	453	
479	573	627	664	663	662	661	660	659	656	655	41	49	51	6	760	54	2	719	11	19	691	694	652	651	650	649	645	
643	641	640	639	667	665	666	674	689	687	686	25	27	736	5	21	29	16	8	758	15	696	679	678	680	676	673	677	
690	669	682	683	685	637	638	635	604	575	740	23	0	731	730	50	598	697	14	729	711	700	585	584	583	582	581	580	
579	578	577	576	603	605	634	606	633	632	748	767	783	64	620	619	45	9	764	60	693	617	616	615	614	613	612	611	
610	609	608	607	602	636	587	588	644	648	749	775	753	704	692	52	720	1	10	703	684	672	671	596	595	591	618	621	
622	623	624	625	626	628	629	630	631	586	61	20	3	734	743	750	713	756	26	589	590	592	593	594	597	599	600	601	
670	675	681	688	668	642	646	647	653	654	657	53	754	779	741	781	724	732	710	658	387	448	385	323	96	97	98	386	
102	104	105	107	115	95	125	69	70	72	73	745	695	777	762	34	773	699	74	75	76	77	92	81	82	83	193	128	
181	127	177	176	199	198	197	188	162	161	66	735	771	757	782	35	94	148	149	150	151	152	153	154	155	156	157	158	
159	160	147	163	146	144	129	130	131	132	742	747	769	746	721	774	133	134	135	136	137	138	139	140	141	142	143	145	
164	165	166	186	187	189	190	191	702	765	763	772	761	770	780	24	192	194	202	195	196	200	201	185	184	183	182	167	
168	169	170	171	172	173	174	175	707	739	776	752	706	715	33	725	178	179	180	126	124	71	78	80	87	89	91	79	
68	90	88	93	86	85	84	38	37	28	708	58	46	30	36	738	123	122	121	120	119	118	117	116	114	113	112	111	
110	109	108	106	103	100	99	722	42	7	294	67	31	13	12	716	205	319	320	321	322	204	324	325	326	327	328	329	
330	331	332	333	334	335	336	714	727	755	63	709	39	751	48	337	318	317	316	305	297	298	299	300	301	302	303	304	
306	315	307	308	309	310	311	733	18	712	705	778	55	701	312	313	314	338	339	340	341	365	366	367	368	369	370	371	
372	373	374	375	376	377	378	40	768	737	57	4	726	698	379	380	381	382	383	364	384	363	361	342	343	344	345	346	
347	348	349	350	351	352	353	43	32	17	723	744	354	355	356	357	358	359	360	296	362	295	271	228	229	230	231	232	
233	234	235	236	237	238	239	240	241	242	243	244	245	246	227	226	225	214	206	207	208	209	210	211	212	213	215	224	
216	217	218	219	220	221	222	223	247	248	249	250	274	275	276	277	278	279	280	281	282	283	284	285	286	287	288	289	
290	291	292	273	293	272	270	251	252	253	254	255	256	257	258	259	260	261	262	263	264	265	266	267	268	269	101	574	
