110	501	502	503	504	505	506	507	508	509	511	521	512	513	514	515	516	517	518	519	520	500	499	498	497	478	479	480	
481	482	483	484	485	486	487	488	489	490	491	492	493	494	495	496	510	523	557	524	548	549	550	551	552	553	554	555	
556	558	568	559	560	561	562	563	564	565	566	567	547	546	545	544	525	526	527	528	529	530	531	532	533	534	535	536	
537	538	539	540	541	542	543	477	522	476	428	407	408	409	410	411	412	413	414	415	417	427	418	419	420	421	422	423	
424	425	426	406	405	404	403	384	385	386	387	388	389	390	391	40	8	761	4	677	392	393	394	395	396	397	398	399	
400	401	402	416	429	463	430	454	455	456	457	458	459	460	694	747	14	774	759	769	461	462	464	474	465	466	467	468	
469	470	471	472	473	453	452	451	450	431	432	433	434	711	24	746	43	41	10	760	45	684	435	436	437	438	439	570	
441	442	443	444	445	446	447	448	449	475	569	690	39	719	11	753	727	712	725	676	60	723	641	652	640	638	637	636	
632	631	639	674	670	669	668	672	666	665	663	730	745	61	38	19	743	55	50	54	12	707	661	660	592	591	590	589	
588	587	586	585	596	584	582	580	579	578	700	699	704	705	58	23	18	691	62	682	27	6	611	599	623	622	621	620	
619	618	617	616	615	624	612	610	609	44	1	757	756	734	689	681	726	685	602	601	706	708	37	667	593	600	603	604	
605	606	607	608	613	614	598	583	713	775	778	780	729	715	572	573	574	575	576	577	30	737	728	581	626	594	595	597	
625	629	627	656	657	658	659	680	776	777	767	679	687	48	662	655	664	673	675	671	773	755	772	653	628	654	630	633	
634	635	642	643	644	645	646	721	724	32	49	647	648	649	650	651	383	440	381	324	768	740	781	135	136	137	138	382	
140	141	142	143	145	155	146	717	21	9	147	148	149	150	151	152	153	154	134	133	750	742	763	132	131	112	113	114	
115	116	117	118	119	120	722	782	771	738	121	122	123	124	125	126	127	128	129	130	741	766	731	144	157	191	158	182	
183	184	185	186	187	188	716	779	783	695	189	190	192	202	193	194	195	196	56	692	688	17	67	197	198	199	200	201	
181	180	179	178	159	160	702	748	770	161	162	163	164	165	166	167	168	65	686	13	758	698	169	170	171	172	173	203	
174	175	176	177	111	156	42	709	678	79	77	86	85	74	73	72	697	26	34	47	100	99	98	97	96	95	93	92	
91	90	89	108	75	94	703	31	751	101	102	103	104	105	106	22	2	718	732	88	87	76	68	69	70	71	80	81	
83	84	109	82	78	107	696	739	36	710	57	46	733	53	15	749	16	7	33	292	205	317	318	319	320	321	322	323	
204	326	335	327	328	329	25	29	0	735	63	765	683	744	736	28	714	330	331	332	333	334	316	325	315	303	295	296	
297	298	299	300	301	302	59	64	762	720	5	701	754	764	693	304	313	305	306	307	308	309	310	311	312	314	336	337	
338	361	362	363	364	365	366	52	51	3	35	752	20	66	367	368	369	370	371	372	373	374	375	376	377	378	379	360	
359	358	347	339	340	341	342	343	344	345	346	348	357	349	350	351	352	353	354	355	356	294	380	293	291	228	229	230	
231	232	233	234	235	237	246	238	239	240	241	242	243	244	245	227	236	226	214	206	207	208	209	210	211	212	213	215	
224	216	217	218	219	220	221	222	223	225	247	248	249	272	273	274	275	276	277	278	279	280	281	282	283	284	285	286	
287	288	289	290	271	270	269	258	250	251	252	253	254	255	256	257	259	268	260	261	262	263	264	265	266	267	139	571	
