-0.019282	-0.006241	0.016992	0.221651	0.603691	0.113736	-0.237370	-0.145977	-0.512199	-0.582409	-0.349496	-0.260892	0.152844	0.105191	0.246929	0.035705	0.141074	-0.037192	0.061140	-0.004335	-0.063890	0.167371	0.000637	0.005515	-0.094340	-0.291760	-0.153812	-0.103773	
-0.209190	-0.156677	-0.087655	-0.099883	-0.092508	0.210869	-0.406178	0.069591	0.145800	-0.073041	0.293540	-0.198338	0.160020	-0.038247	-0.054527	0.066794	0.005763	-0.413657	-0.220086	0.014783	0.069753	-0.223767	-0.281283	-0.009437	-0.114181	-0.319340	-0.129169	-0.070840	
-0.256450	0.055118	0.197498	0.642756	0.164444	0.476251	0.390467	-0.041875	0.547422	0.104840	0.428574	-0.194717	0.026972	-0.092476	0.022797	0.250621	-0.393918	-0.291539	-0.543573	-0.426523	-0.181646	-0.350156	-0.402509	-0.187219	-0.151987	0.056691	-0.053308	-0.093964	
0.014314	0.096349	-0.011231	0.499791	0.167606	0.214182	-0.263130	0.104290	0.096793	0.152218	0.455320	0.576513	0.502643	0.132545	-0.015554	0.026643	-0.203398	-0.153930	-0.236005	-0.398997	-0.692144	-0.089800	-0.279147	-0.028847	0.123880	-0.214066	0.181803	-0.087022	
-0.010331	0.013154	0.072292	-0.222239	-0.008862	-0.077969	0.185953	0.003107	0.367724	0.180255	0.387284	0.464772	0.564538	0.303370	0.139731	-0.211949	0.030631	0.068867	0.021376	0.295049	-0.024282	-0.111265	0.370586	0.370532	-0.170841	0.043316	-0.011303	0.182261	
0.010390	-0.009137	-0.542264	-0.174840	-0.194879	0.036367	0.265278	0.141731	0.155285	0.361576	0.279896	0.770905	0.588905	0.363540	-0.229241	-0.260291	-0.125509	-0.342599	0.005544	0.283202	0.649167	-0.017211	0.168693	-0.164610	0.027376	-0.387696	0.077753	0.128073	
0.364663	-0.070904	-0.278454	-0.561738	0.110921	0.051393	0.014740	0.470041	0.472857	0.370181	0.247584	-0.155537	0.141540	-0.552689	0.158957	-0.009021	0.047848	0.340526	0.413473	-0.181186	0.497235	0.359708	-0.055411	0.226331	-0.061550	-0.006444	0.190927	-0.004720	
-0.436647	0.242378	0.260253	-0.256445	0.403833	0.212283	0.100795	0.468361	-0.379458	0.394702	-0.041988	-0.440394	-0.757146	0.014686	0.274539	0.137226	-0.040175	0.519927	0.095201	-0.602458	-0.176517	0.523931	0.336895	-0.093772	-0.064707	0.118608	-0.012041	0.161351	
-0.225606	-0.066870	0.004953	0.448321	-0.023377	-0.031416	0.145737	0.244329	0.021222	-0.129840	-0.118734	0.175457	0.014534	-0.272958	0.144742	0.286647	0.049829	0.069044	0.071820	-0.368474	-0.274264	-0.230041	0.296061	0.302471	0.323120	0.127928	0.428389	0.164202	
-0.229693	0.117745	0.248004	-0.123421	-0.067054	0.272953	-0.035180	0.227032	-0.220405	-0.455176	-0.401467	-0.570356	-0.395131	-0.173700	0.673960	0.196288	0.669351	0.259394	0.348083	-0.072705	-0.198398	0.006317	0.112604	0.055038	0.060471	0.112650	-0.118685	-0.120046	
-0.387382	-0.397670	-0.586962	-0.285411	-0.327596	-0.140793	-0.482015	-0.512507	-0.264490	0.289029	0.497268	0.295803	0.004114	0.032046	-0.020297	0.723416	0.235121	0.021770	-0.133044	-0.215167	-0.021588	0.045193	-0.162540	0.210022	0.067437	-0.168645	-0.161981	0.120461	
-0.091592	-0.167517	0.261044	0.093554	0.083727	-0.072687	-0.138615	-0.363822	0.055313	-0.317662	-0.090111	0.386541	-0.836377	-0.078700	-0.028480	0.539110	0.307925	-0.326744	-0.561570	-0.243625	0.052156	-0.206633	0.174943	0.098639	-0.146777	-0.278624	-0.213063	-0.105686	
0.315419	-0.068509	0.399231	-0.254974	-0.270555	-0.248564	0.235646	-0.093212	0.335401	-0.497866	-0.461605	-0.524704	-0.273973	-0.275754	0.438497	0.327517	0.361985	0.651372	0.426781	0.559155	0.218367	-0.145554	-0.439642	-0.379685	-0.153171	0.126298	-0.050924	-0.433584	
0.045442	0.230752	0.080745	-0.174372	-0.090956	-0.092791	-0.084444	0.096348	-0.673725	-0.542214	-0.880682	-0.456367	-1.009100	-0.112632	0.254193	0.069055	1.093792	0.766685	0.468894	0.555237	0.161592	-0.065582	-0.229307	-0.294850	-0.305696	-0.339503	-0.183625	-0.041223	
0.055219	-0.216986	0.017973	-0.121029	0.425378	0.396320	0.233921	-0.203384	-0.733741	-0.873894	-0.787993	-0.270479	-0.079913	0.324928	0.879851	0.679089	0.749983	0.670355	0.066271	0.346575	0.240722	-0.457171	-0.230617	-0.047107	0.341027	0.246034	0.044448	0.083521	
0.278668	0.366188	0.045368	0.539054	0.310342	0.123818	0.321348	-0.560960	-1.022822	-0.299264	-0.256471	0.277953	0.137567	0.455777	0.483320	0.546572	0.729797	0.006949	-0.180877	-0.328362	-0.127649	-0.081337	0.105655	-0.002342	-0.019843	-0.317425	-0.270239	0.088553	
0.238829	-0.083352	-0.144862	-0.278314	-0.031524	-0.150949	-0.054763	-0.514995	-1.046634	-0.253932	-0.127779	-0.148770	0.475923	0.116316	0.457794	0.423284	0.696182	0.236765	0.479691	0.054334	-0.435988	0.223711	0.323718	0.131737	0.385764	-0.245323	-0.482030	-0.208137	
0.180492	-0.200081	-0.494381	0.122279	0.238816	0.126940	-0.146683	-0.848353	-0.557168	-0.198425	0.345230	0.140072	-0.230817	-0.088940	0.119291	0.098130	0.245894	0.197287	-0.304963	-0.087969	-0.204720	0.073874	0.088573	-0.099312	-0.163514	0.078458	0.223184	0.252737	
-0.234515	0.314016	-0.401448	0.097817	0.109101	-0.677367	-0.175219	-0.495416	-0.294448	0.009671	-0.018221	-0.263284	-0.496539	0.057281	0.253645	-0.078616	0.167688	-0.000309	-0.255250	-0.364411	0.469550	0.095635	0.149826	-0.184843	-0.095611	0.195282	0.204724	0.140585	
0.131060	0.412437	0.212505	-0.103514	0.292999	-0.304350	0.015572	0.175392	0.089257	-0.017814	0.185987	-0.307168	-0.373378	-0.136845	-0.094969	-0.432979	0.066109	-0.147045	0.134442	-0.132842	-0.291620	-0.160151	-0.358328	-0.209872	-0.382822	0.005704	0.015192	0.237895	
0.004895	0.191199	-0.312951	-0.046578	-0.309374	-0.120522	-0.408007	-0.134621	-0.130246	0.040202	0.151221	0.200599	0.494335	0.462590	0.165716	-0.127311	-0.111951	0.367650	0.178597	0.039201	-0.120023	0.279595	-0.157637	-0.036516	0.016231	-0.153310	-0.651741	-0.040608	
-0.126253	0.071865	-0.537927	0.072029	-0.032962	0.025591	0.144673	0.158645	0.177227	-0.307145	0.021394	0.147695	0.122314	0.155588	0.189262	-0.195281	0.121248	-0.278396	-0.560322	-0.280591	-0.297949	-0.211222	-0.028074	-0.084545	-0.271258	-0.045941	0.240406	0.093163	
-0.062034	0.141526	0.279161	0.144894	-0.599708	0.059304	-0.061174	0.098102	0.042698	-0.092926	0.210775	0.001463	0.488679	0.170852	0.069334	-0.229322	-0.438460	0.033805	-0.122430	-0.101652	0.133530	0.326121	-0.259650	0.017878	-0.165409	-0.181332	-0.140809	0.156470	
0.035107	-0.017756	-0.287701	0.097352	0.470311	-0.140483	0.253013	-0.033777	0.056756	0.038793	-0.035194	0.224293	-0.132743	-0.065045	-0.151276	-0.242202	-0.217458	-0.748327	-0.340725	0.167259	0.086723	-0.121502	0.193744	0.083611	0.436294	0.067822	0.261169	0.156989	
-0.137450	-0.180934	-0.032115	0.373757	-0.310139	0.806686	-0.136268	0.249931	-0.022559	0.241075	0.090970	-0.057270	-0.424160	-0.173100	-0.255728	-0.076502	-0.032625	0.261304	0.088416	0.089931	0.264743	0.240497	0.146682	0.022300	0.214748	0.140963	-0.067719	0.029568	
0.092910	0.195536	0.016730	0.243765	0.164684	0.026789	0.140513	0.311499	0.109318	0.369617	-0.059844	-0.316314	-0.353648	-0.262722	-0.264958	-0.102182	-0.093836	-0.032493	0.156211	-0.048659	0.048881	-0.284257	-0.096077	0.121932	-0.054559	0.076772	0.083399	-0.130056	
0.099491	0.024755	0.062748	0.254579	0.308078	0.186972	-0.111015	0.098279	-0.032800	0.003260	-0.005261	0.129248	0.113802	-0.016493	-0.144792	0.203288	-0.078663	-0.086678	0.027271	-0.261552	-0.327734	0.018913	0.316394	-0.041392	0.064692	-0.025105	-0.187383	-0.060638	
0.096755	-0.022979	0.114695	0.043257	-0.012029	-0.036774	-0.126227	0.098187	0.045895	0.342662	-0.162352	0.008967	-0.048803	0.153506	-0.044428	0.138279	0.318220	-0.037264	-0.045087	-0.065559	0.101293	0.192446	0.210366	-0.062370	0.107082	0.019168	-0.076007	-0.002986	
