-0.049323	0.142224	-0.015954	0.001501	0.014873	-0.065389	-0.236551	0.113017	0.059086	0.365663	0.368390	0.621839	0.313574	0.050615	0.064797	0.043162	-0.442849	0.070929	0.332819	0.163362	-0.142120	0.146885	-0.169989	-0.170069	-0.164064	0.169911	-0.115035	0.092091	
-0.012325	0.149473	0.279550	-0.012695	0.302710	0.232285	-0.061342	-0.095439	0.111283	-0.019449	0.115922	0.164305	-0.323591	0.257243	-0.051779	0.005227	0.131655	0.359724	0.650153	0.318006	0.355917	0.188409	0.502067	0.059138	0.226514	0.179590	0.195045	-0.004143	
0.059908	0.072003	-0.181026	-0.063173	0.334488	-0.066025	0.309985	0.165613	-0.363631	0.129893	-0.561929	0.022275	-0.345337	0.042164	-0.351353	0.073477	0.068817	0.447874	0.628620	0.304406	0.811925	0.166956	-0.152695	0.183556	0.413540	0.125652	0.098310	0.072343	
0.051437	0.039115	0.118318	-0.079668	0.227640	0.043644	0.466786	0.030674	-0.180887	0.225928	-0.339049	-0.355652	-0.354562	-0.297249	-0.201626	-0.058022	0.141922	0.277955	0.282025	0.141190	0.493316	0.211203	-0.156339	-0.256271	-0.039555	-0.030478	-0.044602	0.092609	
0.107692	0.145904	0.166814	0.101836	0.367564	0.082589	-0.163010	-0.133961	-0.488713	-0.170605	-0.764004	-0.555158	-0.531856	-0.798603	-0.351856	-0.524878	0.191883	-0.491737	-0.255377	0.017090	-0.203531	-0.024049	-0.169937	-0.333928	-0.303956	-0.002429	0.079688	0.073923	
-0.111384	-0.134608	0.029120	-0.005620	-0.141204	0.030911	0.055858	0.070908	0.117041	-0.126188	0.212980	-0.090216	-0.177601	-0.364551	-0.389739	0.021317	-0.087587	-0.011053	-0.377085	-0.410961	0.344709	-0.269028	-0.190363	-0.172018	-0.098717	0.037277	0.301440	-0.192863	
0.005052	-0.185802	-0.086270	0.216356	-0.006601	-0.092552	0.208681	-0.199110	0.187419	0.214660	-0.048546	0.594513	0.866671	0.595681	0.266816	-0.126667	-0.113872	-0.082445	-0.244390	-0.315901	-0.300422	-0.177542	0.233543	-0.053571	-0.180271	0.122171	-0.162569	0.158661	
-0.131355	-0.178919	0.148141	0.206912	-0.141616	0.158195	-0.244172	0.100773	-0.120557	0.065722	0.570773	0.441146	0.215413	0.346926	0.270716	0.552471	0.139865	-0.423728	0.242379	0.048605	0.383158	-0.468459	0.225266	-0.068989	0.028257	-0.063650	0.179131	0.055211	
-0.096904	-0.015873	-0.111845	0.055643	0.147744	0.060381	-0.160469	-0.084250	-0.163023	0.269793	0.141972	-0.166521	0.128522	-0.158650	0.249491	0.406751	0.302272	0.323634	0.598590	0.676436	0.212422	0.167226	-0.269422	-0.352569	-0.283438	-0.084547	-0.164359	-0.174079	
-0.254443	-0.189938	-0.116450	0.268307	0.019389	-0.069743	0.014336	-0.273847	-0.122859	0.364933	0.189237	-0.020629	-0.021916	-0.210090	0.184506	0.327790	0.445431	0.527526	0.683627	0.220866	-0.265056	-1.179938	-0.628646	0.055734	-0.335865	0.045606	-0.097826	-0.100489	
0.143039	-0.028650	-0.181156	0.137504	0.646202	-0.124141	0.451036	0.722959	0.031071	-0.356382	-0.348730	-0.413999	-0.427381	-0.423656	0.477527	-0.272504	-0.006315	0.098596	0.626787	-0.545313	0.030400	-0.424964	-0.812997	0.411543	0.405606	-0.081612	-0.289648	-0.142218	
-0.158463	-0.003444	0.050088	0.046594	0.194017	0.020081	0.181693	-0.032690	0.390725	0.089128	-0.195164	-0.113795	0.396857	0.208780	-0.078132	-0.044803	0.171112	-0.056200	-0.266438	0.204164	0.015219	0.112993	0.263501	-0.241883	-0.039440	0.201944	-0.240447	-0.010232	
-0.054327	0.317142	-0.094793	-0.324731	0.245434	-0.191667	-0.072120	0.375782	0.104955	0.138307	0.197796	0.067941	0.249713	0.348350	0.009590	0.269198	-0.242697	-0.050388	0.088040	-0.002084	0.172889	0.211382	0.116809	0.354661	0.172539	-0.097008	-0.077756	0.340438	
-0.138977	-0.316015	-0.067955	-0.213166	0.003737	-0.402398	-0.172839	-0.147247	-0.165439	0.135669	-0.135739	0.514449	0.605572	0.763322	-0.103479	-0.304650	-0.181904	0.421783	-0.531843	0.277814	-0.038904	-0.018039	0.210349	0.308117	0.349165	-0.163915	-0.058205	0.057140	
0.040364	-0.049164	-0.283735	-0.220811	0.167865	-0.025706	0.282650	0.030420	-0.199858	-0.292110	0.125000	0.410797	0.226018	0.062840	-0.150471	0.275506	0.136087	0.190012	0.033176	-0.526042	-0.589337	-0.675761	-0.247106	0.226252	-0.221559	-0.598526	-0.213256	-0.184257	
-0.113503	-0.066596	-0.087130	0.110487	0.205015	-0.012766	-0.160180	-0.290600	-0.297315	0.297511	0.278639	0.322345	0.418413	0.025992	0.169752	0.010800	0.122490	-0.160569	0.120089	0.126643	-0.562297	-0.814954	-0.146740	0.541315	-0.102336	-0.066731	-0.252117	0.105963	
0.047106	-0.295996	-0.340156	-0.154009	0.086072	-0.428068	-0.204729	-0.239868	-0.273487	-0.568822	0.083862	0.393121	-0.079709	0.357912	-0.180130	-0.582518	-0.013218	-0.020470	-0.130175	-0.179662	-0.241720	-0.222173	-0.234657	0.362245	-0.081361	-0.036243	0.166211	-0.230189	
-0.172133	-0.033673	-0.293494	-0.244477	0.066588	-0.604318	-0.239299	-1.261790	-0.467448	-0.126086	0.074964	-0.147763	0.263039	-0.020454	-0.297269	0.107744	0.071518	0.190344	-0.448481	-0.117761	-0.627868	-0.309969	-0.339657	0.012747	0.219046	0.426944	0.016303	-0.078673	
-0.465709	-0.132421	0.084429	0.081424	-0.097502	-0.440696	-0.286843	-0.769892	-0.649052	-0.364892	-0.697527	-0.568901	-0.163931	-0.193818	0.043850	-0.117904	0.108100	-0.670136	-0.609102	0.140297	-0.119340	0.114317	0.257255	-0.002926	0.154204	0.049858	0.086197	0.230126	
0.231732	-0.117854	-0.425233	0.357251	0.571019	-0.319804	0.107416	-0.541257	-0.154704	-0.035262	-0.175432	-0.088338	-0.215892	-0.065680	-0.220383	0.081358	-0.199245	-0.134499	-0.130804	-0.416344	0.159528	0.044869	0.354507	-0.269397	0.372235	0.512664	0.225070	0.275734	
-0.003192	0.027766	0.126968	-0.176122	-0.202121	0.030388	-0.162449	0.108212	0.121412	-0.043972	0.047409	-0.025770	-0.599318	-0.420584	-0.164971	-0.173026	0.192647	0.074106	0.261997	0.016560	0.013345	-0.048828	0.125069	0.084517	-0.170364	0.384986	0.466199	0.257481	
0.096124	-0.326099	-0.184699	0.261722	0.611142	0.378896	0.617245	0.268823	-0.185405	0.317513	0.424931	0.256584	-0.027362	0.519305	0.386301	0.117182	0.275690	-0.207699	-0.179082	-0.119609	0.054910	-0.073469	0.057242	-0.274609	0.222631	-0.017796	0.043541	0.035831	
-0.337522	-0.339100	-0.289275	0.151533	0.343955	-0.196804	0.365390	0.137012	0.097885	0.141414	0.225650	0.140903	-0.103560	-0.012002	-0.024642	0.336665	0.194855	0.805762	-0.112976	0.477528	0.430243	-0.078951	-0.166934	-0.045902	-0.302849	0.054489	-0.248200	0.065952	
-0.448081	-0.391818	-0.240703	-0.280306	0.449674	0.034918	-0.478925	0.105179	-0.397682	-0.101756	0.096668	0.030481	0.231937	-0.121483	0.379552	0.127942	0.422172	-0.181206	0.210409	-0.237060	0.015690	0.104660	-0.122601	-0.311785	0.267655	0.085915	0.111989	0.055650	
-0.319764	-0.314015	0.276630	-0.115171	0.091414	-0.261941	0.205777	-0.458647	-0.064124	0.041079	-0.154177	-0.047428	0.310451	0.057129	-0.034068	0.262925	0.352672	0.387063	-0.219719	-0.088657	0.016141	0.073415	-0.204276	0.152733	0.315270	0.211263	0.334784	-0.180654	
-0.137513	-0.136505	-0.092898	0.323763	-0.049017	0.030631	-0.522272	-0.278051	-0.295078	-0.550735	-0.227008	-0.080812	0.082619	0.198521	-0.129810	0.039078	-0.065273	-0.120948	-0.369068	-0.008155	0.426443	-0.244794	-0.251624	0.036906	0.020204	-0.041380	0.113380	0.042314	
0.056201	0.192777	-0.016808	-0.131894	0.046419	0.000601	-0.105348	-0.111452	0.080136	-0.049990	-0.186019	-0.168942	-0.048506	0.033392	-0.275522	-0.169117	-0.003672	-0.162526	-0.232670	0.136660	-0.066869	0.157531	-0.040677	-0.186451	-0.302297	-0.246688	0.049116	0.073839	
-0.099317	-0.037391	0.088889	-0.066188	-0.269205	-0.188172	-0.040822	-0.022592	0.096211	-0.046767	0.098633	-0.138026	-0.014525	-0.050710	-0.019754	0.239278	-0.228005	0.043183	0.152868	-0.072602	-0.138780	-0.121680	-0.061254	-0.148222	-0.089170	-0.076042	-0.040855	0.037507	
